[[-1.60095596e+00 -3.08233333e+00  8.61647606e-01  1.85741787e-03
   2.05687380e+00  3.95049632e-01  2.69527960e+00 -3.84905457e-01
   5.26089251e-01 -6.93050265e-01 -1.09497309e+00 -1.04220450e+00
  -6.64062575e-02  1.28169644e+00 -8.13893020e-01  3.94062698e-01
  -2.55411595e-01  2.01281571e+00 -2.19255686e-01 -8.98792565e-01
  -1.06257665e+00]
 [ 2.85485178e-01  1.93777454e+00  1.18312633e+00  1.32813525e+00
   1.23665071e+00 -5.28738797e-02 -4.53652471e-01  1.04146206e+00
   1.33383465e+00  1.27179551e+00 -1.53284001e+00  1.33802438e+00
   9.67929289e-02  1.00852370e+00  6.23149395e-01  1.19852744e-01
   9.93191242e-01  1.54421926e+00 -1.48171961e+00 -1.30144858e+00
   2.59080887e+00]
 [-6.27890885e-01  1.09355032e+00 -4.96153921e-01  2.07369161e+00
   2.41023922e+00  1.38569522e+00  1.80141747e+00  6.06357753e-01
   1.34884250e+00  4.00452077e-01 -1.34350049e+00 -1.62253284e+00
  -1.12143672e+00  8.77062261e-01  7.46956885e-01 -1.95410097e+00
  -1.79555142e+00  2.73453385e-01  3.16164708e+00 -4.69007283e-01
  -1.32869005e+00]
 [-1.53213799e-01 -8.54744315e-01 -1.79922819e+00 -7.10908115e-01
   6.14442587e-01 -1.07310224e+00  2.54433244e-01  3.56545836e-01
   1.03674459e+00  6.44660950e-01  2.60401070e-01  1.20468445e-01
  -3.85650307e-01  9.49206531e-01 -9.87308443e-01 -1.01457083e+00
  -4.86948788e-02  3.61640334e-01  6.03179455e-01  1.18713856e+00
  -1.41152096e+00]
 [-1.71061367e-01 -4.57497805e-01  6.28086686e-01  3.95561069e-01
  -2.80412167e-01  1.44001663e-01  6.00537837e-01  3.06066662e-01
  -7.75910616e-01 -1.03334141e+00  7.83039987e-01  2.21937597e-01
  -8.37986767e-01  4.50366318e-01 -6.78778440e-02  4.05441999e-01
   1.80258679e+00 -1.70007992e+00 -1.66371441e+00 -9.05277312e-01
  -4.73403595e-02]
 [ 2.62027353e-01  4.88118351e-01 -6.81089461e-01 -4.11510393e-02
   5.59671760e-01 -3.64587337e-01  6.94681048e-01  2.00328335e-01
  -7.51723111e-01  4.68430445e-02 -2.38886159e-02 -4.08879429e-01
  -1.03781366e+00 -1.43277466e+00  4.83845979e-01 -5.49382031e-01
  -1.70268989e+00  5.14418483e-01 -1.12705541e+00  8.07733536e-02
  -4.90090936e-01]
 [ 8.30669403e-01  1.16493285e+00  5.47038615e-01  4.26609069e-01
   2.07348752e+00 -1.05013740e+00 -4.02052611e-01  5.06806672e-01
  -4.17922921e-02 -9.71569344e-02 -4.40356344e-01 -2.62152910e-01
   8.43438327e-01 -5.87571204e-01  2.40959331e-01  1.65916061e+00
  -6.13028228e-01  1.41494668e+00  1.09100187e+00 -8.33849311e-01
   1.40655923e+00]
 [-2.58313417e-01 -1.72417954e-01 -5.18001676e-01 -1.67083696e-01
   7.13958979e-01  1.29141986e-01  2.31169105e+00  6.83823884e-01
   5.77536523e-02 -1.61599123e+00 -8.47903013e-01  5.90818286e-01
  -6.64285183e-01 -1.11588132e+00 -1.25013041e+00 -8.23533416e-01
  -6.27277851e-01  4.04097438e-02  4.74363774e-01  4.84400094e-01
  -1.21807325e+00]
 [ 3.04468483e-01  1.31861699e+00  9.04486716e-01  1.78796470e-01
   2.56593966e+00 -3.32569599e-01  9.93796945e-01  3.50154519e-01
  -2.29236320e-01 -6.20983720e-01 -8.54696751e-01 -2.70797789e-01
   1.29180741e+00 -1.06502259e+00  7.80732989e-01 -1.94021061e-01
  -1.03924870e+00  1.79425383e+00  2.54989058e-01  8.78443122e-01
   1.44577956e+00]
 [ 2.94156730e-01  7.62190998e-01  1.94132519e+00 -1.65450835e+00
  -9.35838699e-01 -2.48166275e+00 -1.90677956e-01  1.27135682e+00
  -1.83235750e-01 -9.26308334e-02  8.48562002e-01  1.78708291e+00
  -1.41875875e+00  6.42103016e-01 -1.60107195e-01  2.06020975e+00
  -5.16016543e-01  2.07815990e-01  1.03985620e+00 -1.23310792e+00
   1.66619694e+00]
 [ 1.52433589e-01 -2.67419171e+00 -1.00274670e+00  3.31639677e-01
  -7.54616857e-01 -1.12161577e+00 -6.28000405e-03  1.80997300e+00
   1.20418251e-01  2.61601925e-01  3.90454262e-01  1.12853265e+00
   1.01362336e+00  5.58145583e-01 -8.40359271e-01  3.23412567e-01
   5.44695318e-01 -1.62461674e+00 -7.60217547e-01 -7.33340561e-01
   3.42348106e-02]
 [-5.15267968e-01  1.63191807e+00  4.77963805e-01  1.16722393e+00
  -1.70474541e+00 -2.84564525e-01  4.19723898e-01 -2.75562739e+00
   1.19639206e+00  1.02253187e+00  9.21997547e-01  8.47181678e-01
  -9.23674762e-01 -1.13281310e+00  1.24656871e-01  4.92486656e-01
   1.60283339e+00 -8.18562090e-01  6.50122344e-01 -1.86027431e+00
  -2.74463916e+00]
 [-1.38179815e+00 -9.98016477e-01  5.10499859e-03  2.88579669e-02
   9.05579925e-01  4.32893574e-01 -2.79385138e+00  1.89757526e+00
  -1.47150934e-01  1.11704314e+00 -3.19903582e-01 -1.49241686e+00
   8.81000876e-01  5.43163158e-02 -5.96673414e-02 -2.28477433e-01
   1.57726789e+00 -1.58872092e+00  9.34686244e-01 -7.57846057e-01
   9.30438489e-02]
 [-3.01658422e-01  1.15171269e-01 -1.09199870e+00  7.75248349e-01
  -7.84003511e-02  1.35485899e+00  9.23678875e-01 -1.43201351e+00
  -7.26328671e-01  5.02691746e-01 -2.24734843e-01  3.07431251e-01
   9.81520474e-01 -7.54623890e-01 -3.31052691e-01 -1.85664034e+00
   2.51249886e+00 -3.05094212e-01  7.66911566e-01 -2.99212724e-01
  -1.10308731e+00]
 [-3.34586173e-01  7.35215604e-01 -6.66753173e-01  4.13694493e-02
  -5.25633872e-01  4.77117926e-01  7.35594213e-01  1.29585159e+00
   7.72213638e-01  3.17783058e-01  2.33232811e-01 -8.16309094e-01
  -1.14789319e+00  3.10892606e+00  8.95983875e-01 -1.57225776e+00
   5.28447390e-01  1.42834663e+00 -1.58525002e+00 -7.30965555e-01
   1.56355858e+00]
 [ 1.05495334e+00  4.10795718e-01 -1.05886817e+00 -5.00309132e-02
   2.54604459e-01 -6.12554610e-01 -2.89693296e-01  3.17105591e-01
   1.25399947e-01 -6.08069003e-01 -8.06952238e-01  9.19916689e-01
   3.35641861e-01 -1.60921335e+00  2.38743830e+00 -3.47298980e-01
   4.61467892e-01  1.30580592e+00 -1.07147463e-01 -1.71191096e+00
   8.28273833e-01]
 [-5.52116156e-01 -1.00414097e+00 -1.76591444e+00  1.08539808e+00
   1.26038003e+00  1.56161457e-01  7.42283344e-01 -1.51669514e+00
   9.37359691e-01  6.10999167e-01  6.17002130e-01 -1.95872873e-01
  -8.88539478e-02 -6.75400376e-01  9.07697618e-01 -1.38171613e-01
   8.42087567e-02 -1.04546197e-01  1.52218199e+00  1.81670868e+00
  -1.74350631e+00]
 [ 5.75010061e-01  4.47591841e-02 -2.61302382e-01  3.15623373e-01
   3.96422982e-01 -9.97466207e-01 -2.69297361e-01  1.90064907e+00
   1.32075250e+00  1.98317394e-01 -6.07701480e-01 -1.62054777e+00
  -8.19549486e-02  1.41809189e+00  2.81090647e-01 -7.46090114e-01
   1.77172494e+00 -4.41875309e-02  3.98902178e-01  1.19013131e+00
   2.59256124e-01]
 [-1.63807893e+00  1.79780042e+00 -2.45463196e-02 -1.96709663e-01
  -1.38478529e+00 -2.23603106e+00  1.47650689e-01  6.03206502e-03
  -6.70828819e-01  2.03299308e+00  9.19838130e-01  6.88576162e-01
   4.36817229e-01 -5.94297349e-01  4.45727468e-01 -6.63225710e-01
   1.98706314e-01 -3.31600547e-01 -1.92042327e+00 -3.29355448e-01
   1.07842135e+00]
 [ 6.71204031e-01  1.34410560e-02  1.07663460e-01 -1.39767230e+00
   5.97389996e-01  3.63238782e-01  2.13894868e+00  4.41138804e-01
  -1.38531590e+00  4.36913818e-02 -1.76502705e+00 -1.48684573e+00
  -9.55805033e-02 -7.10095167e-02 -1.09165394e+00 -6.55619353e-02
   4.52217311e-01  2.62448162e-01  2.23128378e-01  2.55444199e-01
   3.24813694e-01]
 [-1.07496623e-02  1.71781325e+00  1.46768236e+00 -1.22375464e+00
   1.58598197e+00  1.51639867e+00 -6.08408749e-01 -2.06984267e-01
  -9.59116459e-01 -1.90831110e-01  1.87916017e+00 -1.09399807e+00
  -8.39484632e-02  9.86076474e-01  3.53068262e-01 -6.61753893e-01
   1.35325417e-01  1.77952743e+00 -1.66930008e+00  4.87702966e-01
   5.95536470e-01]
 [ 2.24367529e-01 -4.40319031e-01 -9.88127232e-01  3.05892491e+00
  -7.38025069e-01  7.58780062e-01  5.10834634e-01  1.14217150e+00
   6.93248749e-01  1.13328707e+00 -2.73942024e-01  6.08704329e-01
  -4.32960749e-01 -1.17940652e+00  1.39841998e+00  1.05205214e+00
   2.22667575e-01  8.70142281e-01  7.19505966e-01 -9.28401828e-01
  -3.58156115e-01]
 [ 1.09157421e-01 -9.96878028e-01  3.46756607e-01  4.18040812e-01
  -8.37889373e-01  2.38520646e+00  4.71665502e-01 -5.94779313e-01
   3.49319465e-02  7.30305970e-01  6.76313043e-01  9.29555357e-01
  -3.77261817e-01 -2.61240024e-02  9.33262408e-01 -6.26580060e-01
   2.24164796e+00 -4.69392627e-01  1.03047216e+00  5.60742736e-01
  -6.27238154e-01]
 [-1.16293222e-01  1.65607667e+00 -7.22256422e-01  4.57818985e-01
   9.43586826e-01 -5.09072304e-01 -1.09295774e+00  4.08002645e-01
  -6.41144693e-01  2.94034034e-01  1.73044398e-01  2.72719479e+00
   1.97233117e+00  3.81157488e-01 -5.96124828e-01 -1.82935029e-01
  -4.18513298e-01 -2.53662133e+00  2.11850381e+00 -1.94716382e+00
  -1.86783457e+00]
 [ 5.64486265e-01  8.98041248e-01 -2.18747473e+00 -5.52401066e-01
  -5.39990723e-01  1.42505002e+00  4.97403562e-01  2.56911486e-01
  -7.07900703e-01 -3.76230627e-01 -5.19707084e-01  1.10918534e+00
   8.45391989e-01 -3.51371169e-01  3.50894570e-01  1.14808178e+00
   4.39569741e-01  2.78548691e-02  2.82821596e-01  6.89241737e-02
  -3.37627947e-01]
 [-7.69321084e-01  1.75379086e+00  2.68472964e-03 -8.00558984e-01
   9.24447298e-01 -5.17277122e-01  1.49954677e+00  3.76375139e-01
  -1.06210127e-01  1.11898758e-01  1.84906930e-01  5.50185919e-01
  -3.34085256e-01  2.08677435e+00 -1.35689831e+00  3.03018302e-01
  -9.79192927e-03  1.26072979e+00  8.68105590e-01  6.04648352e-01
   1.99726865e-01]
 [ 9.03492093e-01  1.66699266e+00  3.47057148e-03  1.33069515e-01
   1.30890632e+00 -7.30765283e-01  7.36302614e-01  8.18967283e-01
  -9.46542203e-01  4.33772266e-01 -4.75813448e-01  3.80917490e-01
   2.71946454e+00 -1.66437411e+00 -5.18992245e-01 -8.15475821e-01
   4.39940840e-01  3.68628830e-01  8.75035226e-01 -9.53238010e-01
  -8.93573165e-01]
 [-2.70774674e+00 -1.16443551e+00  1.20959818e+00 -5.30676059e-02
   1.44595194e+00 -1.42392349e+00 -3.52853924e-01  1.45012036e-01
  -1.78352237e+00  2.03575444e+00 -5.21661639e-01  6.84848607e-01
   1.16097569e+00 -5.99254131e-01 -6.86013222e-01 -1.14980245e+00
   1.58814645e+00  1.64443612e-01  4.95590359e-01 -1.82586517e-02
  -6.35050893e-01]
 [-5.24782002e-01  4.87881571e-01  1.25270951e+00  5.99584401e-01
  -2.63652474e-01 -4.10404921e-01  1.29082516e-01  8.35001349e-01
  -4.61408406e-01 -1.62254906e+00 -7.14713275e-01  3.53167683e-01
   1.81713998e+00 -2.23931909e+00  4.42626923e-01  4.03396875e-01
   8.19468200e-01  1.79755539e-01  1.48722041e+00 -2.64102548e-01
  -3.50347430e-01]
 [ 2.21198559e-01 -1.95164487e-01 -8.10204208e-01 -1.41711724e+00
  -1.23347509e+00  3.06939900e-01  1.44760430e+00  2.16318294e-01
  -4.99319285e-01 -1.10756600e+00 -1.77013743e+00 -2.58174777e-01
   4.62910049e-02 -1.48177385e+00  8.67235959e-02 -4.97937530e-01
   1.73138750e+00  1.24118268e-01 -1.20997870e+00 -4.01537754e-02
   1.54598987e+00]
 [ 1.19335043e+00  1.41478494e-01 -8.44629526e-01 -1.20331243e-01
  -5.18601358e-01 -1.61395800e+00  9.54442799e-01  9.41730201e-01
   4.46071744e-01  1.68840170e+00 -6.96162224e-01  2.55150628e+00
   1.51239884e+00  1.68422902e+00  1.57275605e+00  1.31245822e-01
  -2.63136387e-01 -1.96582321e-02  9.95417356e-01  5.43442667e-01
  -1.27424622e+00]
 [-1.99151173e-01  3.76189083e-01  1.09498215e+00 -5.08876145e-01
   5.87644577e-01 -1.34993017e+00  8.61181974e-01 -8.57954741e-01
  -2.19133701e-02  1.24080606e-01  1.80829331e-01  3.07266355e-01
  -1.83925584e-01 -2.35169911e+00 -1.17325985e+00  7.37503409e-01
   5.12790047e-02  3.97790134e-01  2.96225548e-01  6.88644528e-01
  -4.94534671e-01]
 [-2.62672567e+00  4.23411340e-01 -1.27763522e+00 -9.07991111e-01
  -6.41614079e-01 -9.03894603e-01  8.11068714e-01  2.77081039e-02
   1.43563285e-01  1.39456260e+00 -1.11540771e+00  1.23493576e+00
  -3.19444478e-01 -9.48597312e-01 -2.67841250e-01 -7.54433870e-01
  -5.07582963e-01 -3.35123856e-03 -6.20561063e-01  6.11278936e-02
  -2.93167561e-01]
 [ 1.48001230e+00  7.87139982e-02  7.53843129e-01 -1.09239793e+00
   4.68421876e-01 -5.37694991e-01 -2.42364183e-01 -3.43410909e-01
  -6.36919379e-01 -1.69326138e+00  7.99671650e-01 -9.44869816e-01
   5.06754279e-01 -7.19028652e-01  2.51517594e-01 -5.65770745e-01
   2.30250191e-02  1.00578539e-01 -3.61318022e-01 -8.20385695e-01
   2.33103657e+00]
 [-6.76858604e-01  9.07121718e-01  1.00961077e+00 -2.45091081e-01
   1.08734357e+00  4.19793904e-01  1.23546803e+00  8.27648222e-01
   1.65473568e+00 -1.32671177e+00 -2.10754007e-01  6.35578752e-01
   2.00145149e+00  7.98322618e-01  1.56129479e+00  4.26914066e-01
  -2.08704114e-01  5.21263540e-01  1.68708897e+00 -4.33377117e-01
  -1.08246493e+00]
 [-1.40436280e+00 -9.17028487e-01 -5.07532120e-01 -3.60578626e-01
  -1.28432751e+00  5.26982129e-01  7.28164136e-01  4.63162214e-01
  -5.58850706e-01 -8.01163971e-01  6.01273537e-01 -2.91012555e-01
  -4.81794447e-01  3.56721789e-01  5.92267839e-03 -1.41993880e-01
   4.19448972e-01 -7.18576014e-01 -3.09778839e-01 -1.09462693e-01
  -1.05928576e+00]
 [ 2.51279086e-01  1.35315180e+00  3.42954785e-01 -1.28163630e-02
   3.77953678e-01  5.56660652e-01 -5.27265191e-01 -1.87613547e+00
   1.07472491e+00  8.06064606e-01  9.57002819e-01  1.23000991e+00
   1.14960992e+00 -1.10547197e+00  7.52884150e-01  5.70305586e-01
  -1.00393498e+00 -7.71705434e-02  9.77874935e-01 -2.47464001e-01
   1.09389412e+00]
 [-9.26127017e-01 -6.98037073e-02 -2.01144195e+00  5.59095144e-01
  -1.00975025e+00  2.99016237e-01  1.17587006e+00 -1.12966090e-01
   1.49577940e+00  2.01085973e+00  1.42527938e-01  1.61213863e+00
   2.18699956e+00 -5.34775138e-01 -1.21066964e+00 -2.62892880e-02
   1.83810806e+00  1.23077309e+00  7.56244808e-02 -4.02661055e-01
   1.59220070e-01]
 [-1.43139228e-01 -1.68698323e+00 -1.66644478e+00 -5.66061307e-03
  -3.92820895e-01 -9.40013885e-01  2.74923468e+00  5.63501298e-01
  -9.40248787e-01  2.68939376e-01 -1.49118066e+00 -2.17525554e+00
  -7.53059685e-01  1.59599435e+00 -8.67040992e-01 -1.53619754e+00
   3.67035210e-01 -1.83186054e+00  1.88842472e-02 -5.04686356e-01
   1.71032205e-01]
 [-1.15179884e+00  6.81773543e-01 -2.69254297e-01  1.47720292e-01
  -3.63654271e-02 -1.52914357e+00  4.23441052e-01  1.13865578e+00
  -1.30060363e+00 -1.14814647e-01  4.16113436e-01  4.14759368e-01
   7.80991137e-01  1.10311198e+00  1.53060067e+00  1.59376413e-01
  -1.36394596e+00 -6.88946247e-01 -3.28801870e-02  8.40730190e-01
  -8.13889146e-01]]
[[-0.31904826  0.949511   -0.93952966]
 [-1.9757336  -1.0428773  -0.5701828 ]
 [ 0.9650837  -0.49070093 -0.7391947 ]
 [ 0.28437293 -0.2782268   0.41744968]
 [-0.90752035 -0.47867766  0.6176119 ]
 [-1.0802175  -0.6310985  -1.1509216 ]
 [ 0.9103157   0.60020614  0.48847657]
 [-0.21880129  0.45533776  0.72764796]
 [-0.34177908  1.2934237   0.63443655]
 [-0.04903819  0.36967722 -0.43942773]
 [-0.3615592   0.41546974 -0.4421626 ]
 [-0.21188457 -0.7892887   0.5131947 ]
 [ 1.4799387   0.32114956 -0.14539105]
 [-0.45696723 -0.66186464 -0.25975385]
 [ 0.06855869  0.8565888   0.53638947]
 [ 0.03817527  0.76169086 -0.09183946]
 [ 0.2516005   0.7891002   1.3724446 ]
 [ 2.2151647   0.83947325 -0.30069602]
 [-0.25238204  0.58952737 -0.41121298]
 [ 2.2831438  -0.22519849 -1.3003874 ]
 [ 0.88157505 -1.1598942   1.0042229 ]]

[-0.11996356  1.206892   -0.3983017   1.5536851  -0.5382767  -0.9289848
 -0.35097706 -1.9831204  -0.7513048   1.3132147   1.4161304   1.9991329
 -0.07233611 -0.00444206  2.418391    0.38352135  0.9745502  -0.1973931
  0.73171276 -1.2660401  -1.2661471 ]
[ 0.9490833   1.1435752  -0.12907836]
