[[-1.29101321e-01  2.38262963e+00 -9.51557815e-01 -8.99953783e-01
   7.81117737e-01 -1.86083898e-01  1.14373947e-02 -5.98800182e-02
   1.71105325e+00 -5.82942665e-01  3.02526444e-01 -1.73178211e-01
   1.51149464e+00  3.52257043e-01  1.21047521e+00 -6.25877619e-01
   2.41325885e-01  6.08878791e-01 -6.02313101e-01 -4.48508829e-01
   1.88834682e-01]
 [-2.39634782e-01 -8.35483551e-01 -9.64860916e-01  1.29250896e+00
  -6.38322234e-01  8.13107014e-01  3.52022439e-01  7.15256870e-01
  -4.07420301e+00 -8.28636587e-02  2.17671424e-01  7.39392996e-01
   1.48808256e-01 -7.50154257e-01 -7.57140517e-01  1.32290089e+00
   1.79942203e+00  4.85462010e-01  5.64130604e-01  6.97194636e-01
   1.84881544e+00]
 [-1.11257899e+00  1.53080717e-01 -2.50171065e+00 -1.41454995e+00
   4.79122967e-01 -1.33848861e-01  7.94680357e-01  3.50187004e-01
   1.50387073e+00 -2.41928101e+00  3.19587779e+00 -1.20501935e+00
  -8.37867320e-01  1.08446217e+00 -5.51139593e-01 -2.15039659e+00
  -1.10425627e+00  7.10730970e-01 -8.51816773e-01 -9.98041153e-01
  -1.71549454e-01]
 [-1.38687611e-01 -9.18234885e-01 -1.21627033e+00 -4.92367029e-01
   8.53599429e-01  9.11590993e-01 -8.80713403e-01  8.80490541e-02
   6.42510533e-01 -1.46992672e-02 -4.79711652e-01  3.27222615e-01
  -1.05807471e+00  8.55301991e-02 -5.45401990e-01 -2.31864309e+00
  -1.45309016e-01 -1.81824997e-01 -2.25914359e-01  7.52672017e-01
  -1.35621503e-01]
 [-2.46262386e-01  2.78033584e-01 -1.53838858e-01  9.16774645e-02
   1.97792411e-01  9.45397973e-01  8.23853254e-01  1.81285203e+00
  -1.20863450e+00 -1.63468719e+00 -1.27515757e+00  2.24553764e-01
   1.81460714e+00 -8.81415457e-02 -1.97343960e-01 -1.31686282e+00
  -8.94720674e-01 -8.48001167e-02 -1.83659028e-02 -1.43857884e+00
   9.93696272e-01]
 [ 1.65735126e-01  7.80102432e-01 -3.45058888e-01  1.42525601e+00
   7.12500632e-01  2.96394825e-01  3.34841639e-01  5.23870587e-01
  -6.27609551e-01  6.38716757e-01  2.80175749e-02 -8.95752370e-01
  -7.89718270e-01  4.80266660e-01 -1.32550204e+00 -1.11416626e+00
  -8.21561873e-01 -2.41677403e-01  1.15205145e+00 -8.42902422e-01
   7.07200408e-01]
 [ 5.52057862e-01 -9.61902201e-01  1.23907506e+00  4.79164809e-01
   1.21885645e+00  1.32863283e+00 -3.63772959e-02  3.20109218e-01
   5.60362786e-02  5.53955555e-01 -1.43851757e-01  7.14070439e-01
  -4.69899029e-01  1.60693753e+00 -1.48391342e+00  7.11679980e-02
  -5.96284389e-01 -6.81876123e-01  7.29107141e-01  3.72353107e-01
  -9.93422329e-01]
 [-9.52253819e-01 -1.55439150e+00  1.06273782e+00  4.47744615e-02
   2.92016923e-01  1.22292960e+00 -1.48700714e+00  1.45361853e+00
  -6.33197010e-01 -4.00220305e-01 -1.52885342e+00  6.65841699e-01
  -2.25227070e+00  1.50963664e-01  7.75046349e-01  1.34909356e+00
  -1.78864574e+00 -1.68894315e+00  8.47143233e-01  8.35939467e-01
  -9.10509706e-01]
 [ 3.03029269e-01 -2.04600289e-01  6.25178218e-01 -1.37655962e+00
   1.57030359e-01  2.53225684e-01 -2.54268229e-01 -2.20325932e-01
   1.27012357e-01 -8.61090571e-02  1.10251248e-01 -1.10870022e-02
   5.59570909e-01 -3.31547886e-01 -2.32432887e-01 -1.04277050e+00
   1.83981329e-01  5.84549248e-01 -1.06825399e+00 -1.44507766e+00
  -2.16671276e+00]
 [-4.58515324e-02 -5.35548747e-01  4.09199119e-01 -7.83062637e-01
   1.68416828e-01  4.20017570e-01 -7.74044156e-01  6.20573640e-01
  -6.88899338e-01 -1.03169039e-01 -7.06197739e-01  8.42325747e-01
   1.30394793e+00 -5.24809301e-01  4.17744040e-01  7.51427114e-02
   8.09974730e-01 -1.76685166e+00 -9.63812530e-01  3.98048311e-01
   1.76501885e-01]
 [-8.42001796e-01  1.21278040e-01  1.67777121e+00 -1.51156640e+00
   1.03643321e-01 -6.49361849e-01 -6.42922103e-01  3.77714097e-01
   2.34606892e-01  2.35037231e+00 -3.71620774e-01 -4.17430609e-01
   6.01680756e-01  2.82051229e+00 -4.34809446e-01  7.50753760e-01
  -9.38031316e-01 -2.60854453e-01 -1.63063431e+00 -3.47979516e-01
   9.00465071e-01]
 [-5.01630127e-01 -1.59395730e+00  1.86558688e+00 -1.30549240e+00
   1.57017899e+00  2.19718188e-01 -1.32306314e+00  9.59639311e-01
   1.13555324e+00  2.25809649e-01  7.79567778e-01  8.63611042e-01
   9.66743171e-01 -8.04304063e-01 -1.80002606e+00 -6.35041118e-01
  -2.07437679e-01 -1.61173320e+00  1.58759296e+00  1.25544655e+00
   6.16778433e-01]
 [-1.21873963e+00 -5.27923107e-01  8.25828016e-01  1.25675476e+00
  -1.53423107e+00 -2.09827468e-01  6.34611130e-01  1.83457524e-01
   5.68232775e-01 -1.21726882e+00 -1.08922720e+00  6.12494528e-01
   1.14983284e+00 -3.71105671e-02 -2.73896039e-01 -1.26212943e+00
  -1.30523562e-01 -7.67281294e-01 -9.68105197e-01  1.07313645e+00
  -1.33340764e+00]
 [ 8.21653843e-01  6.70650363e-01 -7.46267021e-01 -1.45058370e+00
   1.35246909e+00 -1.37861505e-01  7.42272973e-01 -1.44281716e-04
   2.26145536e-01  1.57587051e+00 -5.00697017e-01 -5.04590750e-01
   2.87407136e+00  6.49218976e-01  1.22667976e-01  1.46157026e-01
   8.27306032e-01 -1.20937157e+00 -1.12224329e+00 -8.21933746e-01
   3.31673861e-01]
 [ 1.40531909e+00 -1.50553733e-01 -8.74214292e-01  5.09173810e-01
  -1.04613674e+00 -8.70879531e-01  7.08456516e-01  4.26699072e-01
  -2.48439646e+00 -5.72503507e-01  3.17459345e-01 -1.39805210e+00
   4.74449813e-01 -2.01264596e+00 -1.69292167e-01  2.61135888e+00
   9.25078154e-01  1.44202605e-01 -1.45009983e+00  5.97651243e-01
  -3.44969541e-01]
 [-4.31635261e-01  4.55086827e-01 -9.57740128e-01  7.09819943e-02
   2.97314227e-01  7.07455516e-01  8.92842282e-03 -1.42983407e-01
  -1.34208930e+00 -5.10725856e-01 -8.69779065e-02  9.11861360e-01
   1.42955124e+00 -6.48507357e-01 -2.14862660e-01 -1.75689936e+00
  -4.59464937e-01 -2.29479361e+00 -6.38349533e-01 -1.20446610e+00
   1.42942655e+00]
 [-5.64560175e-01 -9.72646534e-01 -1.06388175e+00 -5.82060397e-01
   1.31333816e+00 -6.18566453e-01 -1.35903597e+00 -5.27646244e-01
  -2.44523382e+00  9.40810502e-01  1.57684423e-02  2.19840750e-01
   1.49460351e+00 -6.80016756e-01  2.66967368e+00  6.13136947e-01
  -6.91375434e-01 -2.59842426e-01  8.39910269e-01 -7.87883997e-01
   1.52125037e+00]
 [-1.33368909e+00 -8.69039178e-01  1.34755802e+00  6.52797818e-01
   1.12640822e+00  2.18719751e-01  9.18330133e-01 -4.67042774e-01
   1.76836395e+00 -1.20975649e+00 -3.49341810e-01  9.36698079e-01
   6.98135018e-01 -8.83408785e-02 -3.85484248e-01 -6.56244695e-01
  -5.77938914e-01 -9.61257458e-01 -1.41886594e-02 -9.06342641e-02
  -5.29372096e-01]
 [ 2.32654428e+00 -7.07265675e-01 -1.11966515e+00 -8.29981174e-03
  -6.48763716e-01  1.70752332e-02  6.65907204e-01 -1.76750198e-01
   9.35020506e-01 -1.89749753e+00  4.71253783e-01  5.70847571e-01
  -8.91725481e-01 -1.33311197e-01  1.32280648e-01  8.93475115e-01
   2.96001911e-01 -1.71023801e-01 -1.13505793e+00  1.13538295e-01
   1.34144175e+00]
 [ 3.69483024e-01  2.82694008e-02 -1.23070121e+00  1.12151837e+00
   7.16228664e-01  4.86955613e-01 -8.06390524e-01 -4.89917994e-01
  -8.29607248e-01  1.85315982e-01  3.13263595e-01  1.00540543e+00
   5.59080362e-01 -1.96768951e+00  5.56393981e-01 -8.23191702e-01
   6.08605504e-01  6.75236762e-01  1.23952854e+00  5.36463141e-01
   2.38014078e+00]
 [ 9.86635566e-01  6.22136950e-01  6.80870771e-01 -1.33255935e+00
   6.42812073e-01  2.21891254e-01  6.37681007e-01  1.73795116e+00
   4.16320920e-01 -8.89899790e-01  7.82564059e-02  6.62163198e-01
  -1.19614422e-01  1.74697149e+00 -1.22247458e-01 -4.27235842e-01
   9.89987254e-01 -1.55570555e+00  5.98811030e-01 -2.62951136e+00
  -6.69018328e-01]
 [-5.71946837e-02  1.15248895e+00  1.93891786e-02 -1.78265870e+00
   2.83051491e-01  3.85496914e-01 -5.34440339e-01  1.27821493e+00
  -2.12638125e-01 -1.20755219e+00 -2.31540501e-01 -3.63749154e-02
  -1.32734939e-01 -6.43716335e-01  6.38415694e-01  2.01920271e+00
  -1.97337866e-01  7.36460924e-01 -1.43681645e+00 -6.90341473e-01
  -1.00632107e+00]
 [-8.58870074e-02 -2.21102738e+00  2.42534548e-01 -7.78113663e-01
  -1.64680326e+00 -5.36289513e-01 -1.13136959e+00 -6.00988388e-01
  -4.14188534e-01 -1.52513492e+00  2.25849912e-01  4.23927158e-01
   1.02382803e+00 -1.67569622e-01  1.26285613e-01 -7.67530143e-01
   3.39455873e-01 -2.14001536e+00 -2.17816204e-01 -6.10516965e-01
   7.45777488e-01]
 [ 5.33164620e-01  1.93722054e-01  3.66681516e-02 -2.65095472e-01
   7.30401099e-01  7.06405163e-01  1.10693312e+00  1.72468805e+00
   6.29646108e-02  4.09294695e-01 -2.05652848e-01 -1.66716218e+00
   2.30740950e-01  1.08065784e+00  1.65153098e+00 -2.18026304e+00
   2.10966878e-02 -1.22294438e+00 -9.20786738e-01  3.04541379e-01
   1.15252472e-01]
 [-1.88207650e+00  1.25794315e+00  8.25949967e-01 -1.02688861e+00
  -1.88510609e+00  1.11215167e-01  1.13494113e-01  6.95342839e-01
   4.59042639e-01 -6.95730686e-01  1.01058632e-01  1.28958654e+00
  -1.37961149e+00 -8.24634731e-01 -7.76007533e-01  2.63058603e-01
   1.04942691e+00  1.67780723e-02 -1.01650500e+00  8.19708228e-01
  -3.99294317e-01]
 [ 4.89650875e-01 -8.08979869e-01  4.53623176e-01 -2.03259543e-01
  -8.42548192e-01 -1.05362093e+00  1.92271441e-01 -1.27827382e+00
   3.03119004e-01  2.58480251e-01  5.06413519e-01  1.03156008e-01
   6.22971714e-01  4.69448984e-01 -1.25368857e+00  6.01151943e-01
  -5.85790753e-01  1.07664418e+00 -1.05264473e+00  3.61769974e-01
  -4.44110148e-02]
 [ 3.35835010e-01 -9.21711862e-01 -9.54045355e-01  1.58083510e+00
  -1.16760820e-01  1.82469953e-02 -6.73771262e-01 -1.34689724e+00
  -6.92799747e-01 -9.77317393e-01  2.07152262e-01  1.57173872e+00
   2.76955277e-01  1.03804493e+00  4.82741565e-01 -6.43712401e-01
  -7.20642984e-01  8.24029148e-01  6.19089231e-02 -6.85396641e-02
   7.35196173e-01]
 [ 5.01577914e-01  8.78314018e-01  1.41225368e-01 -5.20984113e-01
   2.07878053e-01  1.99654579e+00  1.20978616e-01  1.28165257e+00
  -1.07026350e+00  3.26314807e-01  4.15174693e-01  1.69811025e-01
   5.35622895e-01  1.09535193e+00 -1.92511842e-01  6.40908480e-01
  -2.76357651e-01 -1.56209314e+00 -2.08795452e+00  7.45308280e-01
  -2.68824250e-01]
 [ 7.40763187e-01  1.27910405e-01  1.18381727e+00  1.17293310e+00
  -4.40291278e-02  2.07212400e+00  5.87951899e-01 -3.93717349e-01
   1.09353471e+00 -1.04557407e+00  1.52133793e-01 -4.70339030e-01
   6.55581713e-01  1.85256326e+00 -5.73951364e-01 -7.00451493e-01
  -1.32768118e+00 -2.34072745e-01  1.21720099e+00  1.04249394e+00
  -7.35211372e-01]
 [ 6.63147926e-01 -4.48396653e-01  1.73519075e+00 -7.88093686e-01
  -4.07630354e-01  8.18679214e-01  2.52869993e-01 -7.30836809e-01
   2.44710565e+00  4.81803805e-01  9.02772099e-02 -5.94779670e-01
   9.44844127e-01  1.92691970e+00  9.17077839e-01  4.74267066e-01
  -1.93843853e+00  9.14894640e-01 -9.60230589e-01 -1.83138072e+00
  -1.05754995e+00]
 [-4.29058857e-02 -1.68560266e+00 -4.88261580e-01 -1.76133290e-01
  -3.68412025e-02 -9.18184780e-03 -1.43352997e+00 -4.11206245e-01
   9.14723992e-01 -1.82248378e+00 -3.27476710e-01 -5.69409765e-02
  -7.25830913e-01 -1.22991383e+00 -2.19687366e+00  9.11688626e-01
   5.91178536e-01 -3.28620970e-01 -7.94004261e-01 -1.24510479e+00
   1.00500040e-01]
 [-7.96496272e-01 -7.89393783e-01  8.92058134e-01  4.41953868e-01
  -2.12274656e-01  2.62967378e-01 -6.83169663e-01 -1.28138733e+00
   4.02847677e-01 -1.57310939e+00  5.82485974e-01 -5.53626299e-01
   7.02305853e-01  2.68332064e-01 -6.90374851e-01 -1.58701167e-01
   5.58954060e-01 -2.00253829e-01 -5.45397520e-01  8.37180316e-02
   1.15264714e+00]
 [ 5.93097687e-01 -5.98035932e-01  1.67629313e+00 -2.62446143e-02
  -6.73808575e-01  4.91007417e-01 -1.26500260e-02 -5.36235929e-01
   1.05391574e+00 -3.61159816e-02 -2.52052575e-01  1.00854230e+00
   1.39605248e+00  7.00453937e-01 -4.91924196e-01  2.11886215e+00
  -1.38047922e+00 -2.75852412e-01  1.00734425e+00 -1.73464894e-01
  -1.90148130e-01]
 [ 1.10207625e-01 -6.53484941e-01 -1.26589108e+00  9.34141204e-02
   6.77071869e-01  1.38197577e+00 -1.60057083e-01 -8.83705616e-01
   1.89055824e+00  3.62655967e-01  1.57696530e-01 -6.82170451e-01
  -3.35416257e-01 -8.69835436e-01  1.61407232e+00 -2.57166553e+00
   1.02307582e+00  1.56681788e+00 -3.54656726e-02  2.04496775e-02
   1.57603383e+00]
 [ 3.44327255e-03  7.41968632e-01  2.51811951e-01 -4.97291327e-01
  -2.01931313e-01 -1.93939805e+00 -3.64680886e-01  1.49947500e+00
   1.91589093e+00  6.64321244e-01 -2.43196771e-01  3.26144576e-01
   1.42218363e+00 -2.00435847e-01 -5.64495385e-01  1.78451526e+00
  -1.90795207e+00  1.56113076e+00  7.60925174e-01 -6.97226107e-01
   8.05455893e-02]
 [ 3.33417863e-01  7.36869752e-01 -6.64777994e-01  6.54019594e-01
  -2.76792705e-01 -1.28698421e+00  6.62307143e-01  3.94313127e-01
  -2.98438877e-01  8.81236568e-02  4.56307113e-01  6.64338887e-01
  -1.60977948e+00  6.17118120e-01 -1.69929326e+00  5.62595069e-01
  -6.92624971e-02  5.85121691e-01  1.23136628e+00  2.44875669e-01
  -4.89199013e-01]
 [-2.95876861e-01  4.35620159e-01  2.53821880e-01 -2.05601364e-01
  -3.91358361e-02 -1.46971560e+00 -9.03752521e-02 -5.01073003e-01
   1.15327716e+00  6.89302683e-01 -2.14308742e-02  7.34793425e-01
   1.04414678e+00 -3.22949618e-01 -1.17075300e+00  6.57329559e-01
  -6.42963171e-01 -1.17568278e+00  9.54902247e-02  1.69819102e-01
   1.17935348e+00]
 [ 2.02847576e+00  2.29929280e+00  1.32943523e+00 -1.09420681e+00
   5.66500545e-01 -1.84262991e+00  1.33633658e-01  4.10304159e-01
  -3.96716744e-01 -3.59347723e-02 -1.42898083e-01  8.10577497e-02
   1.18553841e+00  4.78283852e-01 -2.50716877e+00  4.32330668e-01
   1.42611846e-01  1.38775325e+00  3.75192553e-01 -1.65303516e+00
  -1.24609542e+00]
 [ 6.15578651e-01 -6.09316111e-01 -2.09172256e-02 -5.21441698e-01
  -3.82525861e-01 -1.03842122e-02 -3.14035207e-01 -2.39882603e-01
  -2.52803057e-01 -1.41749227e+00 -2.55061164e-02 -2.04006627e-01
   1.92309216e-01 -3.15855205e-01  5.51799014e-02  4.13080424e-01
  -8.16800952e-01  1.98318899e+00 -2.67990327e+00  7.25424230e-01
   1.56373993e-01]
 [ 1.50900555e+00  1.57132614e+00  1.19713640e+00 -6.94110453e-01
  -8.56087685e-01  2.44371220e-01  1.83297884e+00 -4.64880913e-01
   8.56258944e-02  5.18914700e-01  3.25998127e-01 -3.22228193e-01
   5.76435030e-01  8.81333470e-01 -3.09525311e-01 -1.26085269e+00
  -8.81588697e-01  2.33524278e-01 -2.43839458e-01 -2.39296392e-01
  -9.48229507e-02]]
[[ 1.1285063   0.5296047  -0.46784642]
 [ 1.361877    0.42307904 -1.8838516 ]
 [-1.1641765  -0.19785261 -1.2305887 ]
 [ 0.5254355  -1.2840252  -1.2446302 ]
 [-0.3752908   0.82599646 -0.64448977]
 [ 0.06133301 -0.34897813 -0.22069387]
 [-2.240148   -0.30224538  2.0132704 ]
 [-0.44567546 -0.08264536  1.7106811 ]
 [ 0.00678177 -0.28308874 -0.9847993 ]
 [-0.02899414 -0.8525637  -0.2758214 ]
 [-1.0692132   0.9163614  -1.2335154 ]
 [ 0.20652583  0.37833455 -0.05732866]
 [ 0.57650036  0.5671583   0.9863219 ]
 [ 0.21479274 -0.7634475  -0.12303954]
 [ 0.8496935  -1.0188878   0.1223202 ]
 [ 0.6894362  -1.2280251   1.0568475 ]
 [-0.75512993 -2.120949    0.14946498]
 [-0.97977245 -0.93317056 -0.38835052]
 [ 1.4346527  -0.594143   -1.199556  ]
 [ 0.77181107  0.7512908  -0.8595728 ]
 [-0.7585866  -0.5587277   0.34466708]]

[-1.2481974   1.2112848  -0.16862276  0.13027659  0.5521307   0.17107584
  1.4233358   0.9229692   0.36958432  0.58061516 -0.17557013  0.31626168
  1.53594     1.3871311  -0.08476699 -1.4745698   1.531539    0.46299425
 -2.090572   -0.4718223   0.36911377]
[0.47686332 0.27554765 1.2720907 ]
