[[ 1.91049206e+00 -2.83534288e-01 -1.66214418e+00 -2.04203337e-01
   1.57688975e+00 -2.93311447e-01 -1.65064883e+00 -2.10110116e+00
  -2.38972664e-01 -4.42189515e-01 -1.07046342e+00  1.98096871e+00
  -1.00352919e+00 -2.64899516e+00 -2.37162948e+00  8.93250585e-01
  -1.90285251e-01  9.97205675e-01  2.66579896e-01  1.30900395e+00
   5.42693198e-01]
 [-1.11227703e+00 -2.93007612e-01  2.30354643e+00 -6.60142124e-01
   1.27927721e+00 -4.19761658e-01 -9.18908566e-02 -1.57448590e+00
  -7.77842164e-01  2.79475659e-01  2.16092730e+00 -2.82273626e+00
  -1.18116784e+00  2.09575677e+00 -6.37837172e-01  1.49759924e+00
  -4.30677503e-01 -5.61169863e-01 -6.95330799e-01 -1.05208623e+00
  -1.23892868e+00]
 [-6.59880519e-01 -2.65853977e+00  1.24484730e+00  3.23185682e-01
   2.85948110e+00 -3.63571882e-01 -2.25745916e-01  5.85939586e-01
   5.69644630e-01  1.97592378e-01 -5.44808388e-01 -1.49964786e+00
  -7.99829543e-01  2.48399496e-01 -1.18383014e+00  4.19867933e-01
   6.00655735e-01 -4.22628708e-02 -1.25018072e+00 -1.80202043e+00
   2.11554670e+00]
 [ 1.56251466e+00  1.54922771e+00 -9.52932686e-02 -6.67495787e-01
  -4.16822791e-01 -2.12742972e+00 -9.99887526e-01  6.97643161e-01
   1.02125752e+00  1.08749032e+00  1.85284364e+00  1.79275405e+00
  -9.64610338e-01 -1.38456643e+00 -8.38145912e-01  1.02631247e+00
   1.33009300e-01 -1.02792335e+00 -6.72589183e-01  3.42244953e-01
  -2.17019886e-01]
 [-3.02983046e-01  8.82534385e-01 -2.60012418e-01  9.90650281e-02
   2.20231915e+00  8.70763004e-01  2.20279336e+00  3.01249743e-01
   1.70138109e+00 -2.03648186e+00  8.25644016e-01 -1.06713653e+00
   5.32968700e-01  1.84920764e+00  2.29435936e-01  5.54338276e-01
   1.58732641e+00  1.01606584e+00 -6.09120846e-01 -4.27895844e-01
   1.97984725e-01]
 [ 1.82889864e-01 -8.93601179e-01  1.51369715e+00  2.30337000e+00
   5.33304453e-01  8.07331264e-01 -1.46119452e+00  4.40710515e-01
   1.33896559e-01  1.31103754e+00 -6.26513302e-01  1.06764710e+00
  -1.11865568e+00 -6.83237255e-01 -1.53901100e+00  2.08598733e-01
  -6.25820935e-01 -6.40108764e-01 -7.74391413e-01 -7.48688340e-01
  -6.77388489e-01]
 [-9.17961001e-01 -4.67850626e-01 -5.61701000e-01 -9.68125284e-01
   1.36246502e-01 -5.83517969e-01  3.43596041e-01  5.57302386e-02
  -1.78458881e+00  1.52065918e-01  4.61963952e-01  3.19380790e-01
   7.58085072e-01  6.59196019e-01  5.22630513e-01 -2.13865566e+00
  -1.33660638e+00  8.11960101e-01 -2.11658287e+00 -1.08316278e+00
   3.25496256e-01]
 [ 6.64670169e-01 -1.81189442e+00  1.44537437e+00 -5.00345267e-02
  -1.56573129e+00 -6.39949024e-01 -6.86215341e-01 -1.02753544e+00
  -1.13117051e+00  2.91534901e-01  1.29172111e+00  1.30475950e+00
   2.60942173e+00 -3.55452776e-01  9.94332492e-01 -1.64260638e+00
   1.43777713e-01 -1.65877208e-01 -1.93918908e+00  1.17348289e+00
  -1.14310622e-01]
 [ 2.06417942e+00  5.89019239e-01  2.06129000e-01 -1.08691573e+00
   8.54052782e-01 -1.50310665e-01 -1.02357417e-01 -2.93171549e+00
   2.16389728e+00  2.94538403e+00 -1.13065267e+00 -8.95157307e-02
   1.16942906e+00  6.96284771e-01 -2.29984426e+00  7.99926102e-01
   1.55526325e-01 -2.60422766e-01 -3.53259832e-01 -7.68024623e-01
  -1.24860239e+00]
 [ 1.87438095e+00  1.95060968e-01 -1.58911005e-01 -1.39824903e+00
   8.82332087e-01  7.88473785e-01  1.70459926e+00  9.88706470e-01
  -7.40213931e-01  8.81096363e-01 -3.92934859e-01  3.97907704e-01
   5.63115180e-01 -3.53387415e-01 -8.43248129e-01 -4.03216720e-01
   1.30749524e+00  1.90336406e-01 -2.60439903e-01  9.53634024e-01
   1.16734695e+00]
 [-1.11538959e+00  5.62691391e-01 -6.78567529e-01 -6.90333664e-01
   3.02750468e-01  1.95627455e-02 -9.43022013e-01  6.16418123e-01
  -1.34177208e+00 -8.49827304e-02  6.76872611e-01  8.49711835e-01
   5.76168895e-01  8.80363107e-01  1.18655540e-01 -1.30324137e+00
   1.34614134e+00  2.63517611e-02  8.88770521e-01  4.20239717e-01
   4.13711607e-01]
 [ 1.11110377e+00 -1.00099325e+00  4.59800214e-01 -9.51305389e-01
   9.99604166e-01 -1.71509460e-01 -9.12014842e-02  1.48469090e+00
   5.23818135e-01  1.23334897e+00 -1.35522008e-01 -2.86884427e-01
  -8.25068533e-01 -1.85840440e+00 -3.67129929e-02 -3.45780328e-02
   7.20355451e-01  7.76539981e-01 -1.86423123e-01  6.37624979e-01
   1.71550885e-01]
 [ 7.53835022e-01 -1.31887960e+00 -4.98595625e-01 -1.85655534e-01
   7.30733395e-01  4.63563323e-01  3.77398074e-01  1.21419644e+00
   1.12735331e-01 -5.73387504e-01  6.88555315e-02 -1.17367077e+00
   6.84200823e-01  4.85470086e-01  6.31580234e-01 -6.32955194e-01
  -1.91279382e-01 -1.95877790e-01  1.72142804e+00  1.31138194e+00
  -1.33896184e+00]
 [-2.40684614e-01  1.20147693e+00 -1.06621630e-01 -1.24882591e+00
  -5.47951996e-01 -1.59280464e-01  3.61666530e-01 -4.60597456e-01
   6.38702512e-01 -8.54726076e-01 -1.10715163e+00  1.74595088e-01
  -6.59381092e-01  4.31987882e-01  2.59265184e-01  3.54402518e+00
   9.36627030e-01  1.39861178e+00 -1.02567613e+00  1.73999894e+00
  -3.79400522e-01]
 [-1.28587151e+00 -7.72829175e-01  3.66706103e-02 -8.08411360e-01
  -1.11040078e-01  4.16317344e-01 -2.18439206e-01 -4.59840208e-01
   1.04421413e+00  2.39480114e+00 -1.21136606e+00 -2.57077932e+00
   1.15807402e+00  8.10820758e-01 -2.77471721e-01  1.49254286e+00
  -1.99595237e+00 -2.11984366e-01 -1.72721195e+00  2.22774839e+00
  -4.04607117e-01]
 [-5.27967751e-01  6.58518314e-01 -1.16210318e+00 -1.81825686e+00
  -9.29322958e-01 -1.88685632e+00  1.59247801e-01 -8.07421505e-01
  -1.12908506e+00  3.37223947e-01  5.25830746e-01  3.85815322e-01
   4.78356689e-01  2.44257331e-01 -6.76282942e-01  1.03970361e+00
   1.61521530e+00  1.41499126e+00 -1.02581477e+00  1.29533913e-02
  -2.98974961e-01]
 [-9.06072199e-01 -1.20317137e+00  2.21218228e+00  4.63438392e-01
  -5.84589690e-02 -8.41914594e-01 -1.21081102e+00  7.27776587e-01
   1.66283870e+00 -1.25451386e+00 -1.17379606e+00 -8.89363348e-01
  -1.09818518e+00 -7.10311949e-01 -2.70620972e-01 -9.33412164e-02
  -2.04070341e-02 -6.66749716e-01  8.52192760e-01  8.49553704e-01
  -9.66798604e-01]
 [ 4.69212770e-01  8.13659191e-01  6.64118469e-01  9.92886052e-02
   1.35651052e-01  4.08609249e-02  1.92013550e+00 -1.56638122e+00
   7.71273792e-01 -2.09722325e-01  1.82936168e+00  4.41988885e-01
   3.97081137e-01  2.52169394e+00 -6.81659579e-01 -2.05948502e-01
   1.53327370e+00  5.88082016e-01 -2.40664899e-01 -5.67226857e-02
   8.85062397e-01]
 [-5.69294989e-01  6.40926361e-02 -5.20211995e-01  5.18974423e-01
   3.13889712e-01 -1.27500379e+00 -1.10902989e+00  2.23451793e-01
   1.23203230e+00  3.85420680e-01  1.00213766e+00 -1.87057638e+00
   3.29319310e+00  9.91240799e-01 -1.87953329e+00 -7.91204214e-01
   2.39749730e-01 -2.48084620e-01  6.70000911e-01  4.36622977e-01
  -8.69743049e-01]
 [ 1.47025561e+00  4.51217502e-01  1.65901530e+00  4.30515110e-01
   6.33882999e-01  1.88643947e-01  9.18105721e-01 -6.52993321e-02
   5.90609729e-01  1.77123278e-01 -6.79549456e-01  9.67023611e-01
   1.12059295e+00  6.17849112e-01 -2.65030295e-01  9.07382905e-01
   1.31699383e-01  3.06311369e-01 -1.38188994e+00  1.26817381e+00
   8.93291354e-01]
 [-3.49686623e-01 -1.03012122e-01  1.11113739e+00 -3.79178017e-01
  -5.20346090e-02 -4.94869947e-01  4.78381932e-01  3.50495368e-01
   3.17739993e-01 -6.13466144e-01 -1.43482816e+00  9.06027317e-01
  -1.19684659e-01  3.55503678e-01 -5.33665180e-01  1.44484711e+00
   7.51776040e-01  1.90738750e+00 -3.48945677e-01  2.11676931e+00
  -1.90560484e+00]
 [ 3.73586267e-01  1.48363160e-02  8.75854641e-02 -2.29238653e+00
  -2.04634592e-01 -5.28447330e-02 -1.17337453e+00 -1.03800559e+00
   4.19923872e-01 -5.04935086e-01  2.00849369e-01  8.51021945e-01
  -1.18658938e-01  1.44179678e+00 -2.34510684e+00  5.65329254e-01
   7.49007761e-01 -2.26355267e+00 -6.46869540e-01  5.31574488e-01
   2.02449465e+00]
 [ 2.15302467e+00  1.01256478e+00  1.05921589e-01 -9.01779294e-01
  -5.56023009e-02 -1.71134031e+00  1.91130626e+00 -1.76193464e+00
  -1.17730321e-02  1.46357179e+00 -7.99615204e-01  1.83568931e+00
  -4.65711921e-01  5.95040262e-01  5.94325721e-01  1.46541429e+00
  -1.08028972e+00 -8.08033764e-01 -4.70823407e-01 -9.44983810e-02
  -2.03192428e-01]
 [ 1.62322879e-01  4.88208115e-01 -1.55724728e+00  9.53433931e-01
   7.87810743e-01 -1.77507913e+00 -1.07585776e+00 -1.13497031e+00
   6.69735134e-01 -6.69939339e-01  7.36224502e-02 -1.15506709e+00
   1.65501547e+00  2.19825149e+00  1.02208793e+00  2.14838815e+00
  -1.01374602e+00 -1.11706507e+00 -5.90094686e-01 -1.83806211e-01
  -2.17457247e+00]
 [-1.40805962e-02 -1.91015077e+00  5.77114522e-01  8.81825745e-01
   2.18382812e+00  9.33341503e-01 -4.91405129e-01  5.67487001e-01
   1.73763633e+00  6.55618608e-02  8.75239372e-01 -8.90749274e-04
  -8.90045404e-01 -4.02841032e-01  3.34716976e-01  1.54382205e+00
  -6.18329048e-01 -2.54954576e-01  1.37377954e+00 -2.37429798e-01
   1.69308507e+00]
 [ 4.54601139e-01 -1.10593712e+00 -2.54143524e+00 -6.64471745e-01
  -1.33006799e+00 -1.17141199e+00 -1.46409845e+00  4.68461901e-01
   1.73114210e-01  2.14068842e+00 -1.10924736e-01  8.78722310e-01
  -6.69829547e-01 -2.77590360e-02 -3.29184473e-01 -6.00621626e-02
   3.85351390e-01 -1.24154937e+00 -1.81541586e+00  4.33191121e-01
  -3.16076517e-01]
 [ 1.09045434e+00 -3.28881070e-02  2.47766510e-01 -2.22183958e-01
   7.24872351e-01  9.07986611e-02 -5.53907871e-01  3.70676100e-01
  -9.49488819e-01 -7.17430115e-01  7.33424485e-01  1.40986109e+00
  -1.67530432e-01  7.07354844e-01  5.69791436e-01  7.24733472e-01
   7.34768629e-01 -5.90721488e-01  2.46892667e+00  4.64315444e-01
   6.79192469e-02]
 [ 6.98171556e-01 -1.87832165e+00  1.00380778e+00  1.06860280e+00
  -4.69107181e-01 -1.25483000e+00  5.70038378e-01 -2.16977149e-01
   2.43452758e-01 -5.12961075e-02 -2.33416855e-02  3.39249253e-01
  -2.56280035e-01  1.36559105e+00 -8.42056811e-01  5.18078685e-01
  -6.44825637e-01 -1.40588713e+00  7.07505643e-01  1.91124547e+00
   3.92801940e-01]
 [-2.62336522e-01 -4.26306367e-01 -7.02399850e-01  1.62293255e+00
   2.21391416e+00 -2.24182740e-01  9.65666533e-01  3.99896383e-01
   1.23084784e+00 -1.64476526e+00 -5.99161625e-01 -1.01210737e+00
   1.46521616e+00 -8.39782000e-01  8.51943314e-01 -5.92069685e-01
  -4.19479758e-01  1.75615692e+00  5.03671408e-01 -7.97159851e-01
   1.08581972e+00]
 [-5.15578799e-02  1.19314277e+00  1.04840517e+00  2.57985502e-01
   1.25802147e+00 -1.59810221e+00  7.30461359e-01 -4.96372432e-01
  -8.82668316e-01  7.74971366e-01 -4.45078015e-01 -3.10671479e-01
   7.37784326e-01 -1.35845959e+00  3.98306280e-01 -2.64082611e-01
   4.79062051e-01  6.82054639e-01 -1.25984085e+00 -1.75517428e+00
   2.01828647e+00]
 [ 9.17677104e-01  1.19212377e+00  2.03579974e+00  4.17725295e-01
  -3.23226005e-02 -7.22152770e-01  1.08696055e+00  1.41113186e+00
  -6.24310315e-01  4.44348380e-02 -6.41071498e-01  5.60594261e-01
   2.77496815e-01  9.13215995e-01  8.68454039e-01 -7.56020725e-01
   4.36074771e-02 -1.02955496e+00 -1.24199522e+00  6.29720509e-01
   3.00590396e-01]
 [ 9.90139008e-01  2.84491062e-01  6.88386023e-01 -5.53660989e-01
   1.31701303e+00 -3.82815778e-01 -4.12311375e-01  9.73337948e-01
  -6.14366412e-01  7.06034184e-01 -1.32633364e+00 -3.54422063e-01
   1.10784814e-01 -3.95333856e-01 -1.28644204e+00  2.22554255e+00
  -9.20967400e-01  7.25567937e-01  1.37450063e+00  5.73800862e-01
   8.32705051e-02]
 [ 2.56547064e-01  5.35968661e-01  5.54233909e-01 -4.22828823e-01
  -3.80628794e-01  1.35505900e-01  1.25688660e+00 -4.14105624e-01
   7.26298571e-01 -4.34661984e-01  1.08311456e-02  5.94618499e-01
   9.23739016e-01  1.27093697e+00 -2.13258791e+00 -7.75408983e-01
   7.98116773e-02 -1.15383610e-01 -1.58965543e-01  5.89816213e-01
   3.62832919e-02]
 [ 5.77401400e-01 -5.31240582e-01  1.10409558e+00 -7.10053086e-01
   8.89368773e-01  5.58336496e-01  2.94904441e-01 -1.23490906e+00
  -4.60616976e-01  2.42768213e-01 -1.93344188e+00  9.65349078e-01
   1.69492090e+00  2.07383060e+00  1.23220551e+00  3.83840233e-01
   8.45863104e-01 -2.02112809e-01 -5.09918332e-01  2.02327847e-01
   2.33229414e-01]
 [-1.12642395e+00  3.18541259e-01 -3.76000345e-01 -1.56205997e-01
   1.78032935e+00 -1.16690540e+00 -5.34796953e-01  1.21734178e+00
  -5.47429085e-01  1.47098267e+00  7.54858792e-01  3.63505864e+00
  -2.00622129e+00  5.76334178e-01  3.33648413e-01  5.89741707e-01
  -8.69643748e-01  1.20325601e+00  1.87784374e+00  5.47891736e-01
   1.37623119e+00]
 [-6.98920727e-01 -5.89988828e-01 -2.03700972e+00  5.19470036e-01
  -9.00687397e-01  1.06200778e+00  2.31427729e-01  1.01116020e-02
   4.90126371e-01  2.39831805e-01  6.80933714e-01  7.29582369e-01
  -4.77360368e-01  5.92642307e-01 -4.22882289e-02 -2.90275216e-01
   1.53035235e+00 -4.33905691e-01 -1.11312592e+00  7.25890398e-02
   9.89363730e-01]
 [ 1.64325559e+00 -7.29982376e-01 -1.44240761e+00 -2.83733547e-01
   3.59787971e-01 -5.34485877e-01  7.03995883e-01 -3.12734842e-01
  -1.23979783e+00 -4.01129812e-01 -1.89705014e-01  6.11111104e-01
  -4.20158893e-01  5.91251373e-01 -1.11980820e+00 -6.65812120e-02
  -5.17995298e-01 -6.10842481e-02  4.63006347e-01  1.42863595e+00
   2.25158468e-01]
 [ 1.17755182e-01  3.62214565e-01  5.12148499e-01 -1.17118382e+00
   8.51981714e-02  2.73045361e-01  6.50695682e-01  2.40506515e-01
   1.69261003e+00  1.08456123e+00 -1.63027430e+00 -7.46652782e-02
  -3.58628035e-01 -3.40372711e-01 -5.72593033e-01  1.61227787e+00
   1.03155208e+00 -9.39562976e-01  4.10594702e-01  7.44057059e-01
   1.89040065e+00]
 [ 1.45530951e+00 -5.23802876e-01 -1.10790782e-01  6.13388240e-01
   2.52179295e-01  1.47333536e-02  1.51781666e+00 -1.42251089e-01
  -5.88473737e-01  9.09810305e-01  7.10673451e-01  1.22326124e+00
   1.50075281e+00 -1.88800979e+00  5.83715677e-01 -9.40642953e-01
  -1.20523238e+00  1.96277726e+00 -3.25585485e-01 -5.81953883e-01
   1.26738340e-01]
 [ 4.25037146e-02 -5.96119881e-01 -6.17426857e-02 -2.86423349e+00
   2.14030671e+00 -7.71366119e-01 -9.57210541e-01 -1.62218183e-01
  -6.82148278e-01 -1.09983563e+00  1.54360771e+00  8.43190730e-01
  -5.44533312e-01  5.61971724e-01 -9.82980072e-01 -5.63725471e-01
   7.48112679e-01 -3.80591422e-01  5.48756003e-01  7.77711689e-01
   1.99678510e-01]]
[[-0.82301056  0.81087226 -1.7132144 ]
 [ 0.73057836 -0.9282952  -0.9978446 ]
 [ 0.03023086  0.49366215 -0.2375733 ]
 [ 0.5447883   0.84740585 -0.97256297]
 [-0.39192027 -1.2441063   0.74964195]
 [-1.0509334   1.1901972   0.21289155]
 [ 0.12784286 -1.0823379   1.5022696 ]
 [ 1.6212093   1.3248636  -0.74284333]
 [ 0.42798102  1.0727724   0.8247921 ]
 [-1.1655974  -0.6535773   0.63228494]
 [-0.7991213  -0.6832409   0.04839845]
 [ 0.88550144 -0.28881526 -0.5905235 ]
 [ 2.0377254   0.58537054  0.86035293]
 [-1.1212716   0.8247878   0.70431536]
 [-0.01464896  0.46259692  0.34164903]
 [ 0.19804293 -0.80378544  0.24959768]
 [ 0.37381247  0.64092225  0.8827394 ]
 [-1.6574155   0.73342264 -1.4739728 ]
 [-0.7221699  -0.52634627  0.13764326]
 [-0.39195266 -0.77901    -1.0927777 ]
 [ 0.5439983   1.4026697  -0.91740555]]

[-0.7764403  -2.5914347   0.0621086  -1.3322191  -2.2537026  -0.11454725
  1.3371544  -1.6350688   1.8132035   1.2453147   0.35301933 -1.4284848
  0.7619032   0.43821573  1.6011798  -0.3533386  -0.4661069   0.13653098
  0.5449537  -0.03303559  0.778488  ]
[ 1.1127696  -0.38638672  0.02985989]
