[[ 4.12774324e-01 -4.45677668e-01  2.60085076e-01 -4.37100738e-01
  -8.35109353e-01 -8.91321182e-01 -3.02765656e+00  1.43848181e+00
   4.13192213e-01  1.18036163e+00 -1.40252203e-01 -1.03673398e+00
   1.60298264e+00 -9.80635107e-01 -7.73389101e-01 -5.50578415e-01
   1.46242094e+00  6.53323174e-01  7.91549027e-01 -7.82634079e-01
  -1.19871163e+00]
 [-8.71877968e-01 -1.72561181e+00  1.51182806e+00  1.04836833e+00
   1.70139575e+00  6.68156683e-01 -1.11577117e+00  1.19216450e-01
   5.02432823e-01  8.35195661e-01  6.47492826e-01 -2.57898569e-01
  -2.15649009e+00 -6.33505166e-01  1.59768212e+00 -5.41410735e-03
  -3.11271638e-01  5.21318197e-01 -6.53346926e-02  1.61114705e+00
  -1.30211508e+00]
 [ 2.39982176e+00  6.21429443e-01 -1.37586385e-01 -7.20364630e-01
   1.06866777e-01  7.15590477e-01  2.57733631e+00 -6.48538172e-01
   2.61196947e+00  1.36913848e+00 -1.14671446e-01 -1.08083594e+00
  -3.27180386e-01 -1.88584721e+00  8.00101578e-01  7.03297138e-01
  -3.18784237e-01 -1.57402694e+00  5.48443854e-01  5.44127762e-01
   9.07604635e-01]
 [ 9.49976921e-01  1.33817092e-01 -5.27338147e-01 -9.32107687e-01
  -1.50458193e+00 -3.20665300e-01  1.01670158e+00 -6.59878671e-01
   6.84378147e-01  3.91431034e-01 -1.13070166e+00 -2.11437061e-01
   7.68328190e-01  9.62953329e-01 -4.08658892e-01 -1.64452064e+00
  -7.18766451e-01 -1.06753290e+00  3.54995519e-01 -1.77720472e-01
   2.73648262e-01]
 [ 1.61474496e-01  5.65920234e-01  1.89943457e+00  8.64395648e-02
  -1.26893592e+00 -2.52670884e-01 -7.65081763e-01  1.22105861e+00
   1.44661948e-01  2.12748861e+00  1.23821533e+00 -5.29246032e-01
   1.39072931e+00  1.37754536e+00  1.14931571e+00  2.49843925e-01
  -1.50674760e+00  1.50810868e-01 -3.58196944e-01  1.78330231e+00
  -4.86771017e-01]
 [ 1.61584938e+00  1.60468742e-02  2.36314368e+00  1.29170048e+00
   7.89348364e-01  6.25300050e-01  8.19734931e-01 -9.18949723e-01
  -8.80127430e-01 -2.23173738e-01  1.24451613e+00 -1.12045014e+00
   6.92184389e-01 -9.96129587e-02 -1.17062318e+00  5.56640029e-01
   4.15013313e-01  8.00326824e-01 -1.14846599e+00  9.05827045e-01
  -8.52339261e-04]
 [ 4.74010795e-01  1.61953986e+00 -9.79162455e-01  1.68241000e+00
   8.38722765e-01  1.45732212e+00  1.16037834e+00  2.21295774e-01
   2.11218524e+00 -3.91798407e-01 -4.74363834e-01 -4.71960604e-01
  -7.92635262e-01 -1.28241837e+00  1.57901525e-01 -4.47565079e-01
   7.27408350e-01  1.29668832e+00  7.87152827e-01 -6.53875154e-03
  -1.14828110e+00]
 [-1.15317941e+00  3.43973726e-01 -1.68969500e+00  1.34010184e+00
  -4.54871416e-01  4.35850888e-01 -4.19495165e-01  1.84983683e+00
  -6.10735007e-02  6.04968548e-01  9.31442678e-01 -1.61890960e+00
   1.72033989e+00 -2.58502388e+00  7.55530894e-02  1.01220345e+00
   1.62809265e+00  4.03979033e-01 -1.79815936e+00 -1.61465287e-01
  -1.11450779e+00]
 [-1.15970922e+00 -1.06422806e+00  1.26635537e-01  5.40325761e-01
  -5.66249430e-01 -8.02884996e-01 -1.85355619e-01 -2.14265198e-01
  -9.81473550e-02 -8.98765564e-01  4.30308908e-01  1.75761092e+00
   3.91712487e-01  8.09621155e-01 -8.43126237e-01 -8.71719062e-01
  -5.10173082e-01  1.31446743e+00  1.17876613e+00  1.72586656e+00
  -6.65281773e-01]
 [ 8.18225503e-01  1.22234321e+00  7.28699863e-01  2.03566742e+00
   2.35981196e-02 -8.37500215e-01  6.02219343e-01  1.06446099e+00
  -1.53696895e+00  2.44638324e+00  1.20656691e-01 -5.18214524e-01
  -1.22692406e+00 -1.22788060e+00  5.68830490e-01  9.62603629e-01
  -6.70250207e-02  3.12079936e-01  3.65986615e-01 -1.37316155e+00
  -4.51616883e-01]
 [ 2.44289771e-01 -1.08186150e+00  2.03632045e+00 -2.67564148e-01
   5.49420156e-02 -8.82536292e-01  8.33365619e-01 -9.76353645e-01
  -1.30443060e+00 -1.34030581e+00 -7.08137631e-01  1.58851051e+00
   4.16086525e-01  2.04218078e+00  2.30438054e-01 -1.65690541e+00
   1.15198183e+00  1.12499332e+00  1.11076283e+00  1.03706145e+00
   7.44574547e-01]
 [-1.07296133e+00  1.24390483e+00  1.65535283e+00 -2.17846051e-01
  -1.83561325e-01  1.76087409e-01  3.25118256e+00  1.38585314e-01
  -3.29689115e-01  1.12232372e-01  1.67609262e+00  1.22197580e+00
  -1.30704746e-01 -2.26057526e-02  8.56847614e-02 -2.92569131e-01
   1.66356707e+00 -2.19239458e-01  3.07644159e-01  8.40859711e-01
   1.07784355e+00]
 [ 6.93966031e-01  6.08344734e-01 -9.43963766e-01 -1.69775672e-02
  -1.79600155e+00  2.37619624e-01  1.22518003e+00 -1.47961736e+00
   7.84080848e-02 -2.30378404e-01  9.49213147e-01 -2.18882158e-01
  -6.49666265e-02  2.12544456e-01  5.95323205e-01  2.68854201e-01
  -5.95590711e-01 -4.70637567e-02 -3.93308252e-02 -3.45632911e-01
   1.86464012e+00]
 [ 4.72743094e-01  1.78824580e+00  5.59473693e-01 -9.96691346e-01
  -1.39452532e-01  1.58614784e-01  9.58215296e-01  4.08453494e-01
   3.00999284e-01 -5.88896930e-01 -8.52429271e-02 -7.88566351e-01
   1.67814767e+00  1.01054716e+00  1.12258136e+00  3.38051409e-01
   6.89375937e-01  7.24461198e-01 -2.49122873e-01  5.74256122e-01
  -9.44806561e-02]
 [-9.08569098e-02 -1.65908292e-01  5.60660541e-01  1.26506782e+00
  -5.54278374e-01 -3.40051442e-01  8.97827566e-01  7.97921836e-01
   1.24751842e+00 -1.53602016e+00 -1.12436318e+00 -4.12120461e-01
   1.75593150e+00 -2.15568948e+00  1.34666169e+00 -2.64559484e+00
  -2.44703770e+00 -6.33668184e-01 -5.07472038e-01  4.27455604e-01
   1.08108473e+00]
 [ 1.38681456e-01  3.64125818e-01 -3.90440375e-02  3.78660172e-01
  -8.10632944e-01  9.12761748e-01 -2.82363623e-01 -1.27034140e+00
   1.44979095e+00  2.47680187e-01 -3.60598683e-01 -9.27107811e-01
   1.50744736e+00 -1.07444823e+00  2.91197628e-01  1.09098530e+00
   3.68953973e-01  7.11532295e-01 -6.29316330e-01 -1.11145937e+00
   1.38513446e+00]
 [-3.50901365e-01 -3.49451214e-01 -5.81307948e-01  1.03029631e-01
   9.41367596e-02  1.11163449e+00  1.10240686e+00 -7.35759318e-01
   3.16186473e-02 -1.08412862e+00  1.83463037e-01 -1.58217478e+00
   7.18189061e-01  7.97433674e-01  4.42646533e-01 -2.60581881e-01
   1.06186748e+00  1.08188272e+00  1.89781237e+00 -1.53878495e-01
   5.71997046e-01]
 [-1.01754665e-01  4.50532883e-01  1.23450685e+00  2.16463849e-01
  -6.00535393e-01  4.11224812e-01  3.11606145e+00  1.93486917e+00
   9.48538125e-01  1.10559571e+00 -3.39324832e-01  2.21658635e+00
   6.83789015e-01  1.65918505e+00  1.04357533e-01  1.16985786e+00
  -1.76134646e-01  4.78938669e-02  1.21036184e+00 -1.00139886e-01
   1.48286551e-01]
 [ 3.28012079e-01  2.00563192e-01 -3.10784020e-02 -1.73056975e-01
  -5.52717745e-01 -7.75052309e-01  9.48693216e-01  5.34346879e-01
  -2.14709949e+00  5.23710787e-01 -6.14929080e-01  1.47573745e+00
  -1.48399031e+00 -3.10030013e-01 -7.20417857e-01 -6.56025469e-01
   4.73980278e-01  6.04330480e-01  2.35874271e+00 -2.62752652e-01
  -2.14149281e-02]
 [-2.35431880e-01  2.68773474e-02 -8.84985328e-01  1.17349267e+00
  -2.46802449e+00 -4.63088661e-01  1.90716457e+00  2.34307361e+00
  -2.38842636e-01  3.18923473e-01 -6.36946619e-01 -5.45450568e-01
   2.12464079e-01  4.45360482e-01 -1.11164534e+00  1.91221821e+00
   7.72926152e-01  8.62864852e-01  1.06480932e+00  2.78410047e-01
   1.37784028e+00]
 [ 8.33743215e-01  1.49783826e+00  2.61786193e-01  1.06744289e+00
   1.45725816e-01  6.21974468e-01 -1.17563128e+00  1.28791511e+00
  -9.42922831e-01 -1.28986448e-01 -4.68132794e-01 -3.65056425e-01
  -1.69395149e+00 -6.84670746e-01 -9.99540389e-01 -8.98053467e-01
  -1.27171949e-01  1.84873295e+00 -5.33522010e-01  5.92866130e-02
  -8.77804220e-01]
 [ 1.03122091e+00  9.97740507e-01  3.14015836e-01 -1.49602485e+00
   2.23000199e-01  1.10774326e+00 -8.33646208e-02  5.77094495e-01
  -8.32005560e-01  6.14107475e-02 -1.82040587e-01  1.79949450e+00
   1.07761312e+00  1.82183772e-01 -6.91904247e-01 -1.43226826e+00
   7.08728731e-01  5.29234886e-01 -1.58858478e-01  2.29210377e-01
  -1.32680973e-02]
 [-9.91634652e-02  1.15219188e+00  1.77596772e+00  1.83006406e+00
   6.99236467e-02 -1.97895408e-01  7.84500062e-01 -1.20631611e+00
   3.91623676e-01  4.08878416e-01  1.33679736e+00  1.51307166e-01
  -4.91397083e-01 -3.64919573e-01  3.60071659e-01  1.44724831e-01
   2.23742664e-01  4.39538866e-01 -1.30183136e+00 -3.53386134e-01
   3.13044548e-01]
 [ 2.95288153e-02  4.62892413e-01 -2.03608617e-01 -2.42738232e-01
  -6.23518974e-02 -6.30976915e-01 -1.97445601e-01  5.08139849e-01
  -5.19352913e-01  4.38274682e-01 -4.07487601e-01  2.53213704e-01
  -5.88129938e-01  2.24271774e-01 -1.76624984e-01 -1.30000532e+00
  -9.32148919e-02  7.31012166e-01  3.54082197e-01  2.23313737e+00
   1.90841544e+00]
 [ 9.12054837e-01  9.43225205e-01  1.52922285e+00  1.20649673e-01
   7.48228788e-01  7.98215389e-01  1.43463286e-02  2.15592626e-02
  -1.27640188e+00 -9.90425169e-01  7.56696165e-01  8.31333637e-01
  -1.47717729e-01  4.25934762e-01  7.42487311e-01 -1.02255630e+00
   3.93522484e-03 -4.85688835e-01  6.90823942e-02  1.37405181e+00
   3.29809152e-02]
 [-8.26422036e-01  1.93335998e+00  7.07054853e-01 -1.98328733e-01
   4.47424576e-02 -3.09126914e-01  3.97718191e-01  6.62319541e-01
   5.43820143e-01 -4.45434779e-01 -4.74508971e-01  1.33878314e+00
   4.61771041e-01 -3.42678912e-02  3.08381557e-01 -1.99793720e+00
  -4.73713905e-01 -2.35070750e-01 -1.74604869e+00  2.64518917e-01
  -4.82112974e-01]
 [ 1.28180385e+00 -3.38444263e-01 -1.04146576e+00 -8.63489985e-01
   1.75485939e-01 -3.04665238e-01  4.51311022e-01  4.78595436e-01
  -4.40496445e-01  2.48736933e-01 -2.34088928e-01  1.81655371e+00
  -5.72518826e-01 -7.84674466e-01  2.19567561e+00  1.60981441e+00
   6.11174345e-01 -8.58028948e-01 -1.32350087e+00 -3.98703665e-01
   4.01235998e-01]
 [-5.17401218e-01  9.06608760e-01 -1.03255129e+00  5.12260854e-01
  -6.93359911e-01 -1.23813772e+00  8.45711589e-01 -1.56157315e-01
  -7.79954791e-01  5.02436340e-01  5.57612240e-01 -2.53867030e-01
  -7.27196574e-01  1.43602216e+00 -1.23527594e-01 -1.65435642e-01
   1.43890190e+00 -1.16515136e+00 -1.94159818e+00  7.46083021e-01
   8.59452605e-01]
 [ 1.31577241e+00 -1.79162157e+00  1.14468169e+00  1.45264900e+00
   2.20629454e-01 -1.23678958e+00 -2.34466847e-02  6.71736300e-01
   5.25887609e-01  1.82177556e+00  2.51113683e-01 -1.94313657e+00
   7.12665319e-01 -1.37243152e+00  9.58124936e-01  4.42475677e-01
   4.49199378e-01  7.04024792e-01  4.27182078e-01 -8.75543535e-01
   1.16134346e+00]
 [ 9.27576482e-01 -8.60923111e-01 -1.15017676e+00 -7.42183924e-01
  -1.50857821e-01 -8.33426595e-01  4.65512186e-01 -1.17943275e+00
   1.11372292e+00  4.41871941e-01  2.59336084e-01  2.24472857e+00
   1.56382751e+00  4.65652734e-01 -1.67633936e-01  1.34456798e-01
   1.01651120e+00  6.50160193e-01  9.18497518e-02  8.22522402e-01
   3.48960400e-01]
 [-8.59838367e-01 -2.64242053e-01 -3.25140148e-01 -1.56871879e+00
   6.35716319e-01 -2.37952739e-01  6.54587224e-02  3.42734545e-01
   1.04922426e+00  4.35471594e-01 -2.41537899e-01 -7.83240855e-01
  -5.52701950e-01 -6.92551970e-01  1.74213374e+00 -1.03913426e+00
   1.24781108e+00 -1.58549762e+00 -8.37839603e-01  1.32507098e+00
   6.20771170e-01]
 [-1.65794000e-01 -2.19817543e+00  3.90273154e-01  2.19908804e-01
   8.15544486e-01  6.46881223e-01 -3.53617281e-01 -6.88836396e-01
   2.04827502e-01  5.51241636e-01  5.09630024e-01 -1.07966197e+00
  -6.17820084e-01 -1.13638258e+00  6.22812986e-01  5.47296584e-01
   7.16749728e-01 -2.12807834e-01  1.15188468e+00  8.23570322e-03
   2.15436473e-01]
 [-1.14582586e+00 -1.38342202e+00 -5.33720106e-02  1.17925769e-02
  -1.93015859e-01 -1.18412042e+00  4.87890929e-01 -7.70853698e-01
  -8.71588942e-03 -1.27763128e+00 -1.84988424e-01 -9.88211036e-01
   6.01803660e-01  5.73577404e-01  4.44929510e-01 -8.45255435e-01
   9.72902775e-01  1.95018506e+00 -3.98150414e-01 -4.86889154e-01
  -8.32964629e-02]
 [ 1.20507491e+00 -8.00817072e-01 -2.53067422e+00 -1.37010908e+00
   6.32482767e-01 -4.27685201e-01 -3.20719451e-01 -2.64225811e-01
  -2.70077944e-01 -1.11149617e-01 -1.61073938e-01  5.26625156e-01
  -1.99859226e+00 -1.35864377e+00  2.19376373e+00  1.57430843e-01
   7.45662689e-01 -1.19607854e+00  1.95638031e-01  9.19145882e-01
  -1.08222470e-01]
 [-1.55526185e+00  9.06116188e-01  1.07685113e+00 -2.48277831e+00
   9.02777612e-02  6.58557534e-01  1.90148622e-01  5.79076886e-01
   4.42869574e-01  8.97540599e-02 -1.28934252e+00 -8.41062546e-01
   1.27521145e+00  2.15617448e-01 -5.21398485e-01  8.19744021e-02
   3.33920270e-01  4.79145229e-01  7.69743770e-02 -6.40268266e-01
  -3.31854671e-01]
 [ 9.59974349e-01  8.29189479e-01 -9.23365235e-01 -7.19686806e-01
   3.73678207e-01 -9.34594750e-01 -3.60217303e-01  1.26692941e-02
   1.15975368e+00  8.33958745e-01  4.52055521e-02 -1.73160851e-01
   1.00974786e+00  1.05262436e-02  1.79496443e+00 -2.22443014e-01
   2.71739542e-01 -2.10258346e-02  1.83907241e-01 -1.48159897e+00
   5.35524189e-02]
 [ 1.23056754e-01 -2.03129554e+00  1.28471991e-02  5.78192532e-01
  -1.71309447e+00 -4.26916867e-01  2.86704928e-01 -1.19744167e-01
   1.33609283e+00  1.00141978e+00  1.15370065e-01 -3.49337161e-01
   3.19816351e-01  1.35104883e+00  1.86633158e+00  1.37311876e-01
  -5.77469349e-01 -8.96144032e-01 -1.32219529e+00 -1.81722486e+00
   5.87612450e-01]
 [ 2.60498595e+00 -1.14770822e-01  1.52292103e-01 -4.22108956e-02
  -1.88643539e+00  9.34367418e-01  5.78470886e-01 -1.15386331e+00
   1.66192079e+00 -6.17916286e-01 -2.11451650e+00 -1.19062197e+00
   2.08812743e-01 -2.35355949e+00  7.50136614e-01  1.37457621e+00
  -1.11607707e+00  1.51622701e+00 -5.37464738e-01 -1.08452427e+00
  -1.18500137e+00]
 [ 1.05877697e+00 -2.95007646e-01  1.21893972e-01  8.64881337e-01
  -7.32046127e-01 -1.48083413e+00  3.82174999e-01  4.40654010e-01
  -4.88176435e-01 -2.31943801e-01  1.61457050e+00  2.21261293e-01
   6.96482956e-01 -3.97317797e-01 -5.78615844e-01 -5.70512652e-01
   7.55037904e-01 -6.34256005e-01 -6.57893002e-01  2.15998173e-01
  -2.60793537e-01]
 [ 1.65162906e-01  2.61326849e-01  9.74740624e-01 -9.20928001e-01
  -1.33943069e+00 -2.29056048e+00  4.87898648e-01  1.05034053e+00
  -5.15271962e-01  9.48405802e-01  3.61080348e-01  1.22695768e+00
   1.36929655e+00 -1.61209166e+00 -3.88684839e-01 -5.72116375e-01
   6.29418671e-01 -1.87669341e-02  1.80234194e-01  6.90895975e-01
   7.47038722e-01]]
[[-0.3094488  -0.36545163 -1.1852499 ]
 [-1.0141296  -0.7719329  -0.24972557]
 [ 0.4083512   0.34967864  0.44732547]
 [ 0.27390927 -1.1747001  -0.5502369 ]
 [-0.2798626   1.6381052   0.63559127]
 [ 0.80583954  0.5367831  -0.41991022]
 [-0.2387524   0.7372977   0.5702165 ]
 [ 0.30312642  0.8253123  -0.38825348]
 [-0.32115436  0.5740766  -0.34637514]
 [-0.58942825 -0.71688896  0.6460896 ]
 [-1.108193    1.3326722   0.4070461 ]
 [ 0.12591316  0.03633095  0.6994666 ]
 [ 0.42366302 -0.96571296 -0.6066096 ]
 [-1.383177    0.19223762  0.31837252]
 [ 0.06290385 -0.27869835  0.81434584]
 [-0.27141535 -0.49264184 -0.0183972 ]
 [ 1.621949    0.15355787 -0.6254057 ]
 [-1.6058294  -0.4262974   0.07985193]
 [ 2.2110171   0.4814533   1.2531132 ]
 [-0.42139733 -0.7981268   0.15545006]
 [-0.58005387  1.3061922   0.43126106]]

[-1.270507    0.28287163 -0.4633007   0.27809396 -0.6490978  -1.1741147
 -1.405283    0.5442891  -0.37146991  1.035036    1.1914046   0.71493095
 -1.7676896   0.8679358  -0.14143227  0.32487968 -0.43394685 -0.37015408
 -1.345621    1.1333811   0.59274656]
[ 0.5862617 -1.268469  -2.180765 ]
