[[-3.17665547e-01  7.96804011e-01 -1.32297254e+00 -5.24911610e-03
  -1.26023912e+00 -3.03998023e-01  1.24954140e+00 -5.06974399e-01
   9.21440005e-01 -1.50869203e+00 -6.47370100e-01 -8.56392309e-02
   1.68348461e-01  5.15438199e-01 -1.54800200e+00  1.81627655e+00
   7.72428513e-01 -1.27604485e+00  9.33592141e-01  4.24224101e-02
  -5.23771763e-01]
 [-5.40882945e-01 -3.46432328e-01  2.08273625e+00 -1.53702393e-01
   1.61654246e+00 -9.86649394e-01  9.73557010e-02  1.04791410e-01
  -1.35774946e+00 -3.75670195e-01  1.32499063e+00  1.27177215e+00
   3.14923501e+00 -4.90301311e-01 -1.50641942e+00 -5.75776577e-01
   9.64407682e-01  1.75892308e-01 -8.91256809e-01  6.83131292e-02
   7.43675590e-01]
 [-7.57647216e-01  1.53525376e+00 -1.59842625e-01 -9.81254637e-01
   3.11848235e+00  1.84078217e+00 -1.10855412e+00 -3.89374979e-02
   5.68784177e-01 -7.41858661e-01  6.79057598e-01  1.75171101e+00
   2.88134551e+00  3.81821811e-01  1.12600994e+00  7.52697229e-01
   1.25139192e-01  1.14860010e+00  9.29047346e-01  7.07971454e-01
   9.58228171e-01]
 [-2.42253602e-01 -1.10228252e+00 -1.89578211e+00  1.26812613e+00
  -2.19783053e-01  1.81784764e-01 -1.74386233e-01  4.16926667e-03
  -4.11460161e-01  1.58843076e+00 -1.10263705e+00 -1.19703233e+00
   2.99832195e-01  4.68822151e-01 -2.50055999e-01  2.95437843e-01
  -2.90298879e-01  8.73679042e-01  1.49990654e+00 -5.95092297e-01
  -1.05125654e+00]
 [ 9.22485888e-01 -1.53105104e+00  1.58906829e+00  9.97569025e-01
  -2.83893538e+00 -4.02322024e-01 -1.42550540e+00 -2.24934578e+00
   1.95547974e+00 -7.77049720e-01 -3.51274274e-02  1.36958861e+00
   4.34393138e-01  8.77571821e-01 -1.00395417e+00  3.76609355e-01
   1.79937756e+00  2.79849678e-01 -9.98846516e-02  6.64654970e-02
  -1.14401966e-01]
 [-1.98678493e+00  1.70494154e-01  4.24596012e-01  7.34425962e-01
   8.94000903e-02 -3.50588769e-01 -1.65964201e-01  2.01066285e-01
  -1.19386148e+00  2.13855577e+00 -2.52940170e-02 -1.71628207e-01
  -2.32996017e-01  8.29155371e-02 -7.22534657e-01 -2.36652017e-01
  -7.01614141e-01 -1.02633439e-01  8.45984101e-01 -3.14370692e-01
  -3.98356169e-01]
 [ 1.57786918e+00  5.52479684e-01  6.51979387e-01 -1.31378245e+00
  -7.88783580e-02 -9.13878739e-01  1.21566439e+00 -8.96148160e-02
   3.56465667e-01 -5.19573987e-01  5.89079380e-01  2.46817231e-01
  -5.80119073e-01  1.93238175e+00  1.67531765e+00  1.66894674e-01
  -4.97910410e-01 -1.24744380e+00 -1.29660928e+00 -6.00857735e-01
  -8.83664936e-02]
 [-2.15259624e+00 -1.25879216e+00 -8.29741657e-01 -1.01464510e+00
  -1.54713142e+00 -2.21535504e-01  2.49792784e-01  9.55049336e-01
  -7.92889655e-01 -2.69846654e+00 -2.11540405e-02  1.91958189e-01
  -3.74297380e-01 -1.80433524e+00  2.84748703e-01  6.59424841e-01
  -3.51131678e-01 -6.79694355e-01 -3.61741602e-01 -1.01539540e+00
  -2.03860235e+00]
 [-1.12976444e+00  1.03027344e+00 -8.54025662e-01  1.14203978e+00
   3.79094064e-01 -1.80949605e+00  1.45261979e+00 -2.23649591e-01
   3.98851991e-01 -1.66461512e-01 -6.84023857e-01 -2.22450042e+00
  -1.72215688e+00  5.72663546e-01 -1.09321487e+00  8.10639441e-01
   1.50343347e+00  4.03289139e-01  9.68248546e-02  5.76373935e-01
  -2.94474769e+00]
 [-1.02203262e+00 -1.86300480e+00  6.87905371e-01  2.16174197e+00
  -2.02862710e-01  2.35757649e-01 -8.67164731e-01 -4.04514134e-01
   4.46106829e-02 -1.46689749e+00 -4.01285380e-01  5.63084483e-01
  -4.93981361e-01 -9.23182487e-01  1.78181350e-01  1.24473296e-01
  -1.02630818e+00 -1.86628073e-01  7.77458310e-01 -9.41946387e-01
  -8.22156429e-01]
 [ 3.85613263e-01  1.15609840e-01 -1.70838940e+00 -1.32954729e+00
  -2.16083241e+00  1.71242726e+00 -8.28575075e-01 -1.92610455e+00
  -6.57699108e-01  1.53687263e+00  2.35326695e+00 -4.41970527e-01
  -2.46553850e+00  6.25328839e-01 -1.34224916e+00  4.72179711e-01
   7.44993508e-01 -2.97498763e-01 -1.87247038e-01 -1.69816479e-01
  -9.51491892e-02]
 [ 5.80137670e-01 -7.05031872e-01 -2.19294697e-01 -1.83068144e+00
   1.50337017e+00  4.99998212e-01 -5.45084178e-01  4.23149318e-01
   6.57536566e-01 -1.47856522e+00 -1.19500351e+00 -3.72191578e-01
  -6.19373620e-01 -1.31429866e-01  3.87913793e-01 -4.15547162e-01
   7.67440379e-01 -2.08822107e+00 -3.33480656e-01 -9.50522482e-01
  -1.76009393e+00]
 [ 2.76365310e-01 -1.02465057e+00 -5.81948683e-02  7.83170938e-01
   2.72624612e-01  7.75081754e-01 -1.80045724e+00 -4.67509210e-01
   1.85993776e-01 -1.85938716e+00  1.44214606e+00  2.48577565e-01
  -1.91049254e+00 -1.73552155e-01  3.88469934e-01 -7.61447549e-01
   4.71540123e-01 -7.36313760e-01  7.11870849e-01 -7.01093137e-01
   1.20447442e-01]
 [-1.25913954e+00  1.52368414e+00 -1.46980718e-01  3.70912433e-01
   1.60974860e-01 -2.30321288e+00 -2.30575100e-01  5.90917528e-01
  -2.05307126e-01 -1.43715012e+00  1.02576447e+00  5.91054186e-03
  -5.77732444e-01 -5.12832582e-01  3.86902452e-01  4.02133390e-02
  -1.47437918e+00 -1.82297826e+00  1.39592648e-01 -6.08186543e-01
  -9.57956553e-01]
 [ 8.52042496e-01  5.95274866e-02  5.70478678e-01 -1.65566730e+00
  -2.39770889e+00 -4.23650712e-01 -8.82443130e-01  2.91338831e-01
   1.34283394e-01 -1.29887664e+00  1.73731554e+00  6.15662515e-01
   2.56463647e+00  2.18093419e+00  3.46083552e-01  5.82437515e-01
  -8.43251050e-01 -1.24239469e+00  2.70323324e+00 -3.67706902e-02
  -1.21320799e-01]
 [ 2.45346427e+00 -1.33916807e+00 -6.77448988e-01  2.13770047e-01
   1.32747009e-01  1.54572570e+00  6.48333967e-01 -1.49377584e-01
   5.15185833e-01 -2.70851880e-01  1.11085348e-01  7.72627175e-01
   2.35929731e-02  1.54865706e+00  7.98785165e-02  8.02861378e-02
  -6.71544731e-01  7.30613153e-03  1.04597068e+00 -4.50460762e-01
  -1.20452654e+00]
 [ 5.86135924e-01  6.58029795e-01 -1.90836358e+00  9.36232388e-01
   2.08821028e-01  1.10967135e+00 -1.07696664e+00 -1.45926034e+00
   1.42685747e+00  9.93302941e-01  1.07490253e+00 -7.29140759e-01
  -7.55605698e-01 -7.94919133e-01  1.35030925e+00 -9.49025273e-01
   7.26440847e-01 -9.33216155e-01  5.36504313e-02 -4.99742597e-01
   1.95824838e+00]
 [-9.10135746e-01  9.63397205e-01 -6.99406564e-01 -1.37000072e+00
   1.96097881e-01  2.15965915e+00  1.96176603e-01 -1.61930859e+00
   1.06245267e+00 -2.57888317e-01 -3.78372610e-01  4.30309743e-01
  -2.32486814e-01  1.03876960e+00 -1.03269362e+00 -1.02966130e+00
  -6.27438188e-01 -2.43322685e-01  9.57644045e-01  2.02267542e-01
  -1.26295280e+00]
 [-6.32669330e-01  5.48346341e-03 -1.20749697e-01  1.15416813e+00
  -1.15695202e+00  1.16192150e+00 -3.04009110e-01  2.19293118e+00
  -4.23598111e-01 -1.04773290e-01  9.26062822e-01 -8.77911687e-01
   6.91359282e-01  7.08501518e-01 -9.89524722e-01 -2.11490870e+00
  -9.17897522e-01  1.47237480e+00  5.34403473e-02 -6.92401528e-01
   1.35548687e+00]
 [-5.76637149e-01 -3.43898475e-01  1.17950141e+00 -3.79483700e-01
   1.75565267e+00 -8.17461967e-01  1.13933647e+00  4.55100983e-01
  -2.23341689e-01  1.72021955e-01 -7.63027892e-02  2.53393650e-01
   5.55035889e-01 -7.55233049e-01  1.91980386e+00  7.53693208e-02
   1.30718395e-01 -1.80099845e-01 -3.40148568e-01  3.76123875e-01
   1.01921186e-01]
 [ 8.43028575e-02  5.52389979e-01 -1.75123668e+00 -1.68872535e+00
  -5.29022068e-02  5.65556705e-01  8.23342204e-01 -1.06185305e+00
   2.77742243e+00  3.08578283e-01 -1.33067444e-01  1.74883366e+00
   8.48997653e-01  2.83833891e-01  2.40164995e+00  1.93655002e+00
   9.69398692e-02  1.21268559e+00  4.35566127e-01  1.23230016e+00
   1.70411229e-01]
 [-5.61593950e-01 -1.44272089e+00 -9.60502625e-01  6.48092449e-01
   2.75766589e-02  1.35887623e+00 -2.35478938e-01 -8.10495019e-02
   8.86173785e-01 -1.04224741e+00  5.32268345e-01 -7.89280772e-01
   5.26153982e-01 -1.33495176e+00 -1.12609344e-03  3.46798927e-01
  -1.04376271e-01 -2.44762731e+00 -9.00586009e-01 -1.68607235e-01
  -1.93324518e+00]
 [ 2.90252805e-01 -1.12733126e+00 -1.17426075e-01  1.35346782e+00
   7.42601275e-01 -2.21698329e-01  7.04026222e-01  3.78078759e-01
   2.65810937e-01 -9.47518706e-01  1.80535519e+00  8.62241387e-01
   6.93508983e-01  2.66198254e+00  3.18192983e+00  3.52999240e-01
   7.63061285e-01  1.63665974e+00  1.63729548e+00  5.67862749e-01
  -1.77013099e+00]
 [ 1.30472565e+00  5.50858498e-01 -5.54525375e-01 -1.82519245e+00
  -5.79451561e-01  4.64968324e-01 -7.51154900e-01  1.40811908e+00
   1.81290925e+00 -1.92976904e+00  1.04448557e+00 -8.92893136e-01
  -3.00119549e-01 -4.68809634e-01  9.56046224e-01 -7.67164171e-01
   1.58376312e+00 -3.13365161e-01  6.77758634e-01 -1.09955534e-01
  -1.34024811e+00]
 [-3.07533503e-01 -7.91576564e-01  1.47874221e-01  4.32307094e-01
   1.96859598e-01 -8.90916228e-01  4.96659398e-01 -2.97666013e-01
  -8.11661959e-01  7.23912716e-02  1.70101672e-01 -2.11998932e-02
   6.29704595e-01 -2.29304418e-01 -5.01848996e-01  1.12860548e+00
   2.18876529e+00 -6.59297705e-01  1.14380404e-01  1.98114172e-01
   4.84222323e-01]
 [ 1.70978153e+00  6.34922385e-01  7.60509133e-01  2.34656549e+00
   4.33115065e-01  6.68942869e-01  5.57128012e-01 -2.02132761e-01
   4.06527400e-01  1.51389444e+00 -5.48221052e-01 -1.79804489e-02
  -7.79782295e-01  4.73350112e-04  3.45598549e-01 -2.30800528e-02
  -8.01133811e-01  3.22852105e-01  5.30970931e-01 -8.48666608e-01
  -3.93643856e-01]
 [ 5.85722804e-01 -2.60360926e-01 -3.80265951e-01 -1.51066601e-01
   5.78063667e-01 -5.57992682e-02 -5.44029772e-01  3.90338361e-01
   9.25100744e-01 -5.40057421e-01 -2.94564478e-03  7.14155138e-01
   3.73483449e-01 -9.94384229e-01  5.83408773e-01  1.16503429e+00
  -2.04055953e+00 -1.04521751e+00 -1.28943038e+00  2.92084545e-01
   7.69218147e-01]
 [ 1.48892367e+00 -9.52449024e-01 -5.09813607e-01 -8.78700987e-02
   6.38743937e-01 -1.41971270e-02 -1.03686857e+00 -1.84038866e+00
   2.02451205e+00  8.45600218e-02  4.97391611e-01 -1.13159764e+00
   4.35597450e-01 -6.14643812e-01 -1.33771420e+00  2.46937370e+00
  -5.25921345e-01 -6.89645767e-01 -6.25710905e-01  2.87369877e-01
   4.55775529e-01]
 [ 6.04066253e-01 -4.60134715e-01 -4.23779875e-01  4.15950328e-01
   5.32137990e-01  1.34560263e+00  1.10819340e+00 -1.80683494e+00
   1.52743995e+00 -1.06092680e+00 -2.71462500e-01 -5.92026748e-02
   1.00311244e+00  7.36326814e-01 -4.07925434e-02  7.20318496e-01
   1.32051110e+00 -4.38165575e-01  2.00393930e-01  3.15099120e-01
  -6.43195882e-02]
 [-1.34786248e+00  7.43100420e-02  1.79234445e-01 -4.18305188e-01
   1.47697186e+00 -1.87030911e+00 -5.05609155e-01  1.30273676e+00
   5.52228838e-02 -8.55417371e-01 -7.52246678e-01  9.06692982e-01
   3.78000259e-01 -7.46066332e-01  1.36442113e+00  1.06835711e+00
   1.66300130e+00 -6.92364156e-01  9.27737772e-01  3.83737862e-01
  -6.02884173e-01]
 [-1.98405236e-01 -4.42313373e-01 -7.41090477e-01  6.11120820e-01
   7.52849758e-01  2.82498628e-01 -1.91569123e-02  2.21819595e-01
  -1.26915917e-01  2.59042978e+00  1.47851670e+00  8.32374752e-01
  -1.88516185e-01  3.20951223e-01  3.02985966e-01 -1.75173473e+00
   1.38892627e+00  1.96692999e-02 -8.57747436e-01  2.05485868e+00
   1.94468871e-01]
 [ 4.82023418e-01  8.96957576e-01  5.11593521e-01 -2.89095193e-01
   2.68913656e-01  9.77266729e-01  6.54518157e-02 -2.00560689e-01
   1.74691832e+00  3.69151562e-01  5.33457160e-01 -3.21428888e-02
  -8.05193484e-01  1.50674081e+00  1.86789464e-02 -2.20762223e-01
   7.11984098e-01 -6.00379586e-01  1.47243023e+00 -1.24394268e-01
   4.16531205e-01]
 [-6.05497122e-01  7.49352276e-01  1.13991678e+00 -3.03895205e-01
   1.41797215e-01  1.81934547e+00  1.95895642e-01 -1.30579579e+00
   1.55203414e+00 -5.56665361e-01 -4.64737654e-01  1.06064427e+00
   2.64154583e-01 -7.16475368e-01 -8.86096776e-01  3.60606499e-02
  -2.10377015e-02  1.04997623e+00 -1.03407645e+00  4.52707976e-01
   1.30325830e+00]
 [-6.79470420e-01  4.95608777e-01 -3.41470242e-01  4.31589544e-01
  -1.03432406e-02 -1.41420460e+00  1.01043083e-01  3.50751877e-01
   2.84045696e-01 -9.97637212e-01  1.25038350e+00  1.88987300e-01
   1.02115080e-01  3.62673461e-01  9.60499525e-01  9.54287052e-01
   4.19693530e-01  6.45304620e-02  2.95497268e-01 -1.34769022e-01
   2.22070813e-01]
 [ 1.46691442e+00  4.77217257e-01  1.72287118e+00 -1.44992366e-01
  -4.67660218e-01  1.80763200e-01  9.96403754e-01  1.09206691e-01
  -2.05084562e+00 -1.12483704e+00  5.93841612e-01  1.02247059e+00
  -4.43470716e-01  1.27922833e+00  1.74291742e+00  4.09713566e-01
  -8.73212293e-02 -4.09258723e-01 -1.17488408e+00  8.79842103e-01
   1.26151487e-01]
 [-7.92597890e-01 -1.73158776e-02 -2.55854517e-01  4.97357219e-01
   2.19161529e-02 -5.50135255e-01  1.65196407e+00 -1.61477876e+00
   4.94015396e-01 -4.36540097e-01  8.80842328e-01 -1.00781393e+00
   1.16998339e+00  1.93348140e-01  1.75754100e-01  1.29017198e+00
   2.16800189e+00 -1.69607460e-01  2.47391716e-01 -1.19072437e+00
  -2.52898425e-01]
 [ 8.63779128e-01  2.05696635e-02 -2.89310956e+00  2.55356163e-01
   2.50536323e-01 -7.02697158e-01  1.06409740e+00 -1.22893059e+00
  -3.41236033e-02 -1.39787519e+00  2.42016107e-01  2.00758576e+00
  -9.20682549e-01  2.60288954e-01 -4.15946186e-01  6.13547146e-01
   3.46084148e-01  1.38744831e+00  7.29491234e-01 -4.18688983e-01
  -4.81417775e-01]
 [ 8.17788094e-02 -4.19064283e-01  1.59045443e-01  1.00244677e+00
  -2.38004804e+00  4.75468218e-01 -2.07320541e-01 -6.45330697e-02
  -7.85153449e-01  1.19053054e+00 -8.01981390e-02  3.70960146e-01
  -1.34824514e+00  3.63275975e-01 -3.20343077e-01  6.79874480e-01
   3.48075062e-01 -9.21521783e-01 -6.91430807e-01  4.84587044e-01
   5.93120568e-02]
 [ 4.19887638e+00 -4.92690019e-02  1.44607139e+00  1.23588979e+00
  -3.90063673e-01 -4.33578700e-01  6.47558570e-01 -1.97228968e-01
  -5.25773287e-01 -1.16542959e+00 -8.87166560e-02 -4.04930413e-01
  -2.34402999e-01  9.30326819e-01  1.42956424e+00  9.51605499e-01
   2.32397825e-01 -8.71922672e-01 -1.80860877e-01 -2.09898472e-01
  -1.15964627e+00]
 [ 1.96841374e-01 -8.56066227e-01  1.39292109e+00  2.48593593e+00
  -5.84338382e-02  7.07211673e-01  7.94641316e-01  1.00368702e+00
   1.39719963e+00 -2.13665992e-01 -1.23097122e+00 -2.05189642e-02
  -3.33017483e-02 -3.55541617e-01  5.33709049e-01  1.08443208e-01
   7.49008775e-01  9.97484922e-01  7.04839945e-01 -6.88229594e-03
   2.13674754e-01]]
[[-6.4323533e-01 -1.1977741e+00 -4.2278185e-01]
 [-2.4999976e-01  1.2327452e+00  1.5797320e-01]
 [-2.0056954e-03 -6.8148345e-02  1.3794445e+00]
 [ 9.1999823e-01  1.4752420e+00  4.1207306e-02]
 [-1.7493070e+00  1.1905439e+00 -7.3013544e-01]
 [-2.2254277e-02 -3.3373809e-01  1.0727603e-01]
 [ 1.8795720e+00  4.4282320e-01 -1.8353254e-01]
 [ 1.5855783e+00 -5.0192720e-01  1.1384727e+00]
 [ 4.4573742e-01  8.9668280e-01 -3.1847954e-02]
 [ 9.1516173e-01 -3.3345547e-01  1.6843374e-01]
 [-1.2932880e+00 -1.6056228e+00  7.7019066e-01]
 [-2.1317382e-01  5.1689011e-01  1.1806363e+00]
 [-8.8988942e-01 -5.0579548e-01  3.1153715e+00]
 [-1.0375042e+00  1.5463777e+00  5.8878446e-01]
 [ 5.6681788e-01  4.8882720e-01 -1.3618511e-01]
 [-9.0663153e-01 -1.9360952e-01 -8.0235094e-01]
 [ 6.5408647e-01  7.8293395e-01  4.7053623e-01]
 [-1.1656779e-01 -1.3537097e+00 -6.5245003e-01]
 [ 8.8441908e-01 -9.1699982e-01  1.2783500e+00]
 [ 4.7608978e-01 -4.6443635e-01  1.4998688e-02]
 [ 1.4226317e+00 -5.7661470e-02 -1.5537147e-01]]

[ 1.246611   -1.2852323   0.07150535  0.40831813  0.07695897  1.2429005
  0.70726067 -0.4202477  -0.26570046 -0.79447204 -0.4899397  -0.5284293
  0.7708326  -0.6608652  -0.5196079   1.3798312  -1.828052    0.24774157
  1.1674079   0.6056767  -1.1921186 ]
[2.1443274  0.69487154 0.6721753 ]
