[[-5.24300635e-01 -6.49511665e-02 -1.57586920e+00  5.18784344e-01
   1.24081790e+00  1.00670941e-01 -9.91838634e-01  2.77609050e-01
  -5.94799444e-02  1.95266843e-01  2.05986857e+00 -1.45607531e-01
  -7.96426952e-01  1.28969327e-01 -1.65459275e+00 -1.57998607e-01
  -1.00257385e+00  1.20959485e+00 -2.43571019e+00  6.63935363e-01
   1.45597088e+00  2.12817937e-01]
 [-1.85864007e+00 -3.33613962e-01  3.11431319e-01  2.24421322e-01
  -6.40439451e-01  4.52937216e-01 -6.93413675e-01 -2.21479759e-01
   1.57010722e+00 -6.61059976e-01 -1.87593603e+00  3.94085258e-01
  -1.29659668e-01  1.86373198e+00 -4.68259901e-01 -3.13800049e+00
  -2.47306919e+00 -1.21552281e-01  1.03575826e+00 -1.07221639e+00
   5.47233105e-01 -2.00692201e+00]
 [ 2.06835151e+00  2.98212677e-01 -4.59359884e-01 -9.02472615e-01
  -1.05785680e+00  2.07990244e-01 -1.02769211e-01  1.75910687e+00
  -2.10996315e-01 -4.21122015e-01 -1.77996874e+00  5.05131066e-01
   4.40923840e-01 -1.44849718e+00 -1.00735438e+00  7.77928948e-01
  -8.74803185e-01 -1.02420402e+00 -3.80344540e-01  4.84844267e-01
  -2.24148440e+00 -6.28221333e-01]
 [ 2.22198749e+00 -4.91904825e-01 -1.47376752e+00 -3.27417523e-01
   1.29816568e+00 -5.35674505e-02 -1.82931498e-01 -7.60042012e-01
  -1.43625438e+00  1.64007914e+00  6.02103591e-01  6.10066988e-02
   2.06370687e+00  1.04133964e+00  2.38026798e-01  1.21118701e+00
   1.66433752e+00  3.64155173e-01  3.10032517e-01  8.15948665e-01
   7.59444237e-01 -4.84671474e-01]
 [-1.22349247e-01  1.50043023e+00  1.75768209e+00 -1.02085030e+00
   7.51073897e-01 -4.11970317e-01 -1.20907402e+00  1.68975160e-01
   1.09051847e+00  2.31989428e-01 -2.89704651e-01 -1.71615362e+00
  -3.70898210e-02  8.81441891e-01 -9.23340142e-01  4.22936857e-01
   6.34632647e-01  3.20453227e-01 -3.48997295e-01 -1.51457325e-01
   7.62999952e-01 -2.74950147e-01]
 [-3.41098577e-01 -2.43582681e-01  6.36131823e-01  2.28991255e-01
  -2.80460477e-01 -4.60232086e-02 -4.02496606e-01  4.79632169e-01
   1.12534888e-01  6.08944833e-01 -3.95766407e-01 -5.90450048e-01
  -7.08529055e-01 -2.11980984e-01  1.22959936e+00 -1.81294292e-01
  -5.69700450e-02  1.54855847e+00 -7.32135832e-01  1.40997601e+00
  -3.97071332e-01  1.95713922e-01]
 [-1.92665204e-01  3.49851072e-01 -1.96929872e-01 -6.46758080e-01
  -1.97202015e+00  3.16327959e-01 -1.39362156e+00 -1.25668550e+00
   9.95103717e-01 -6.84764862e-01  2.32032482e-02  9.22915578e-01
   4.58683193e-01 -4.06433314e-01  9.75959674e-02  1.13225269e+00
   3.18944812e-01 -1.22687936e+00 -9.33433026e-02  3.55269879e-01
  -1.72337398e-01  1.21870470e+00]
 [-1.48892367e+00  3.59944254e-01 -7.53897369e-01  1.82000172e+00
   1.84754884e+00 -5.06447017e-01 -1.09109628e+00 -1.29194701e+00
  -4.55507100e-01 -1.31776035e+00  1.54479659e+00 -5.87568879e-01
  -3.53096277e-01  3.80608320e-01  3.57947677e-01 -9.88803208e-01
  -1.10305631e+00  1.49901593e+00  1.39711663e-01 -1.66721845e+00
   1.64518952e+00  1.24353325e+00]
 [-1.16365266e+00  6.31716549e-01 -4.63707209e-01 -3.02190334e-01
   1.71384096e+00 -2.24542946e-01 -1.39691913e+00 -1.56059459e-01
  -5.82978651e-02  3.53266239e-01 -8.39977682e-01 -5.33246100e-01
  -1.48707902e+00  1.08793533e+00 -6.03397965e-01  9.29589197e-03
   2.43860185e-01 -6.10244215e-01  1.55278599e+00  3.73915941e-01
   2.46026576e-01 -9.79375184e-01]
 [ 2.83503056e-01  6.92343056e-01  7.01090097e-01 -4.28705901e-01
   5.70210576e-01  2.79418141e-01 -4.26576763e-01  2.43320674e-01
  -7.13814139e-01  1.14492166e+00  5.74996889e-01 -1.65280446e-01
  -1.19650722e-01 -1.09025538e+00 -1.89914078e-01  3.24713700e-02
  -5.11318207e-01  1.75781691e+00 -1.16156793e+00 -3.17934418e+00
  -1.92147171e+00 -8.67675960e-01]
 [-1.37932634e+00  1.64842069e+00  2.43849993e-01  3.42827439e-01
  -1.47770476e+00  8.12011421e-01 -5.08953035e-01  1.20487142e+00
  -7.70081282e-01 -4.94237095e-01  6.62606478e-01  6.83272660e-01
   3.44157755e-01 -3.02548289e-01  1.02113259e+00  1.64434111e+00
  -4.48579639e-01 -2.26994228e+00 -1.76384318e+00  1.39846599e+00
   8.25546861e-01 -2.75339544e-01]
 [ 5.58201432e-01  3.45142633e-01 -5.94567299e-01  1.92344499e+00
  -7.53004909e-01 -1.17874718e+00 -2.59240222e+00 -1.28366053e-01
   9.61524308e-01  3.81192029e-01 -3.34140919e-02 -1.60522789e-01
   5.92579901e-01 -1.71954945e-01 -4.00800109e-01  4.10709709e-01
   3.44381481e-02 -1.36841798e+00 -5.36704004e-01  4.14596379e-01
   1.15014350e+00 -1.05094051e+00]
 [ 1.94030061e-01 -4.89746392e-01 -2.73805201e-01 -1.48651147e+00
   1.41296804e-01 -6.41889215e-01 -2.89173985e+00 -6.81577623e-01
  -2.20661312e-01 -5.81309736e-01  1.41386604e+00 -2.08587098e+00
  -1.50465143e+00  2.41288495e+00  7.34564662e-01 -1.50400710e+00
  -1.08335185e+00 -1.03977942e+00 -3.78669128e-02 -1.90856397e+00
   1.26163438e-01 -4.74330217e-01]
 [ 5.61309874e-01 -1.03366160e+00 -7.68462718e-02 -1.65709496e+00
   4.51673925e-01 -8.80490988e-02 -4.33450550e-01 -2.26576820e-01
  -1.92671454e+00  5.34770250e-01  1.11020672e+00  1.37837911e+00
   5.42169571e-01  7.15733945e-01  3.42203826e-01 -3.82549047e-01
  -1.40880895e+00 -3.86932194e-01  4.50346708e-01 -5.84580600e-01
   3.16447049e-01 -1.58717129e-02]
 [ 5.28869033e-01 -1.37806880e+00 -3.53655636e-01  8.43783081e-01
  -7.43338048e-01  1.21525896e+00  6.94243968e-01  2.11005539e-01
   1.41807389e+00 -8.24690521e-01 -3.22924995e+00 -3.53403211e-01
   3.40955287e-01  3.56750786e-01  4.14278269e-01 -5.74943125e-01
  -2.55001640e+00 -9.98762906e-01 -6.31734729e-01 -7.80929744e-01
  -5.58051705e-01 -1.56929994e+00]
 [-4.14256662e-01  8.44586313e-01  5.33127308e-01  5.56923389e-01
   2.19462246e-01 -1.68263972e+00 -1.14516282e+00 -4.18480963e-01
   4.55033392e-01  1.14115906e+00  5.20032108e-01 -2.84843668e-02
  -7.12628126e-01  7.43839085e-01  2.77411304e-02  1.99685723e-01
   5.29939592e-01  4.00186151e-01  1.24832106e+00  8.00411582e-01
   2.09223315e-01 -1.04266059e+00]
 [ 1.20511913e+00 -3.60597014e-01 -1.67897716e-01  2.24641501e-03
   4.53463495e-01 -1.32799971e+00  2.40097627e-01  5.44955313e-01
  -1.64766061e+00 -2.47292116e-01  4.29772526e-01 -1.39358878e-01
  -5.71739614e-01  9.49746445e-02  7.46892989e-02 -1.59932122e-01
  -9.39464390e-01  5.92133164e-01 -5.33233285e-02 -5.61225355e-01
   7.29906708e-02 -1.50818074e+00]
 [-2.87125595e-02  2.90727139e+00 -1.80289757e+00 -1.36006403e+00
  -6.36760533e-01  1.22962558e+00 -1.04642069e+00  1.47088754e+00
   1.44081697e-01 -6.28818631e-01 -3.87724608e-01 -2.21363163e+00
  -1.67661357e+00 -3.27927858e-01  5.16231537e-01  2.65060831e-02
  -4.97075528e-01 -6.09499253e-02  1.49422061e+00 -4.60839272e-01
   7.37776816e-01 -9.10866261e-02]
 [-1.57834423e+00 -1.67460337e-01  2.61092689e-02 -1.47041842e-01
   1.08872795e+00 -2.39980176e-01 -1.47326231e-01 -7.47433603e-01
   5.86745381e-01 -1.55351862e-01 -8.49489033e-01  3.87214929e-01
   4.40925479e-01  1.35344756e+00 -1.27717519e+00  1.18238616e+00
  -5.29712379e-01 -4.17683899e-01 -4.51883405e-01  3.37063134e-01
  -1.14187622e+00  2.18605542e+00]
 [ 1.81580317e+00 -7.61899054e-01  4.74887371e-01  2.08628750e+00
  -9.95596588e-01  4.23632890e-01  6.87543452e-01  4.74042892e-01
   2.15373337e-01  8.54726493e-01  5.75200796e-01 -4.14266139e-01
   1.45346403e+00  1.35971582e+00 -4.98398036e-01  1.37785208e+00
  -1.87133580e-01  8.54056537e-01 -1.45060134e+00 -7.47177720e-01
  -6.00068390e-01  5.93508601e-01]
 [ 3.43899459e-01 -1.09293282e+00  5.54208159e-01 -6.03309833e-02
  -5.64687133e-01  3.80911887e-01  6.44917786e-01 -1.63167953e+00
  -8.94589543e-01  8.89666319e-01 -3.68089199e-01 -5.52955687e-01
  -3.86551768e-01 -8.15985680e-01  2.10359231e-01 -2.62402940e+00
  -8.07057381e-01 -6.22539699e-01 -1.75743830e+00  4.40171629e-01
  -1.85585946e-01 -7.93698549e-01]
 [ 2.34072828e+00  5.80397472e-02  7.86730289e-01  4.90007073e-01
   9.85404909e-01  8.01940084e-01 -2.40020663e-01 -5.29525757e-01
  -6.11868203e-01  1.61794209e+00  1.64262450e+00 -2.02457309e-01
  -1.82693100e+00  1.12152624e+00 -1.08724368e+00 -6.86401844e-01
   8.11566472e-01 -8.15389633e-01  2.80663431e-01 -7.21118331e-01
   1.22906335e-01  8.51716518e-01]
 [ 5.77153802e-01  4.89639580e-01 -2.36257458e+00 -6.43347204e-01
   2.08931565e+00 -8.98185611e-01  1.74538895e-01 -5.58933437e-01
  -8.89669895e-01  1.18650854e+00 -7.43051469e-01 -9.39176559e-01
  -2.46482909e-01  1.61173522e+00  2.34730449e-02  6.69684231e-01
  -1.48360252e-01  3.62124276e+00  8.27360153e-01 -6.67788088e-01
   9.28177416e-01  9.11427915e-01]
 [-3.15400600e-01  1.45373809e+00  1.71933159e-01 -2.00747538e+00
   1.08288789e+00  1.07809520e+00 -1.15833521e+00 -8.02696824e-01
  -3.10267878e+00  3.56419533e-01 -3.49030131e-03 -9.26683128e-01
  -1.41853392e+00  1.83839172e-01  2.55958080e-01 -6.49431169e-01
  -2.22994161e+00 -2.52118856e-01 -1.42096627e+00 -4.66071367e-01
  -1.44002461e+00 -2.16155127e-01]
 [-7.57854953e-02  2.55929559e-01 -4.98981595e-01 -4.66123372e-01
   4.95759934e-01  4.10595506e-01  1.83904648e-01 -3.60358447e-01
  -4.38809395e-01  1.03567719e+00  4.99385446e-01 -8.38929474e-01
   7.28623211e-01  1.18730056e+00 -4.91211802e-01 -2.59162843e-01
  -4.54314530e-01  1.48880517e+00 -1.13972580e+00 -3.91396582e-01
  -5.13958871e-01  8.18397701e-01]
 [ 4.99662399e-01  1.04354727e+00 -4.34106231e-01  1.26520967e+00
  -1.98365283e+00 -6.20434582e-02 -6.31428301e-01 -6.44811034e-01
  -7.76418209e-01  6.98584318e-01  5.13867557e-01  5.95586419e-01
  -8.40776861e-01  6.77599534e-02  5.49305856e-01 -2.72177637e-01
   4.98619944e-01 -6.84439778e-01  3.84866953e-01 -4.60208148e-01
   5.77081800e-01 -7.60355473e-01]
 [-7.36774087e-01 -1.23530912e+00  9.69963670e-01  2.67334461e-01
  -1.25428689e+00 -5.72986603e-02 -2.57984132e-01  4.93954659e-01
  -9.04195428e-01  3.19634527e-02  1.10815299e+00 -1.09137654e+00
  -3.87979656e-01 -1.12875247e+00  2.26247862e-01 -7.90329456e-01
   1.28983748e+00  1.81064546e-01 -6.38780594e-01  1.55417585e+00
  -7.86213696e-01  1.46684206e+00]
 [-5.07764161e-01 -7.41989240e-02 -6.81059435e-02  6.21235251e-01
   7.18693495e-01 -6.09033048e-01 -1.81682587e+00  2.18700981e+00
  -1.77723229e+00  1.81386650e-01  1.24043262e+00 -5.42717636e-01
  -1.49272263e+00  1.91392109e-01 -4.81865734e-01 -1.09699953e+00
   1.65099651e-01 -1.30169964e+00 -4.44036303e-03  3.22743416e-01
   2.79357523e-01  7.41125584e-01]
 [ 7.55900964e-02 -1.36172819e+00  2.27926254e+00  6.31223679e-01
   3.89852934e-02 -1.02694154e+00 -1.68984190e-01  9.07991305e-02
  -1.73096013e+00 -1.80875137e-01  1.12778568e+00  1.44759774e+00
   7.87934754e-03  1.61473930e+00 -1.42481387e-01 -6.13131881e-01
  -5.70609868e-01  8.30552340e-01 -2.59168410e+00 -8.61373067e-01
   5.67717254e-01  8.14297438e-01]
 [ 5.30153990e-01 -1.34749901e+00  1.49697554e+00  8.84399354e-01
   4.61501718e-01 -1.61768630e-01 -6.79642081e-01 -1.62759483e+00
  -5.17528653e-01  5.43539941e-01  2.19913498e-01  2.47104138e-01
   1.39496362e+00  5.42867839e-01  9.93688703e-02  5.37783392e-02
   1.94061458e+00  5.04703641e-01  4.81299490e-01  9.97354209e-01
   2.22954065e-01  8.13189387e-01]
 [ 1.22334397e+00  3.51133525e-01 -3.72744560e-01  3.59076232e-01
   3.77891272e-01  1.74197543e+00  1.71631145e+00  3.52555096e-01
   1.14245957e-03  5.81026733e-01  7.82656908e-01  3.16143274e-01
  -1.73133385e+00 -2.71880835e-01  6.75174296e-01  1.20530967e-02
  -5.57135284e-01 -3.12238306e-01  1.51025102e-01 -1.32269073e+00
   1.31320909e-01  4.32982482e-02]
 [-2.64210165e-01  4.85946760e-02 -5.40061533e-01  2.98227817e-02
  -5.78279555e-01 -1.30108774e-01 -8.30910683e-01  7.81869590e-01
   2.75268018e-01  3.76026571e-01  7.92633832e-01 -8.09449673e-01
   6.46547973e-02 -1.27158850e-01  1.07869077e+00 -1.56496450e-01
   3.60367298e-01 -2.42113233e-01  2.14256436e-01  7.77378738e-01
  -1.42174333e-01  4.19276565e-01]
 [ 9.42299843e-01  6.96155429e-01 -2.69680405e+00  4.85295415e-01
   2.92078704e-01  1.64227819e+00 -2.58102566e-01 -5.18873513e-01
   2.26973221e-01  4.38285112e-01  2.71647483e-01  6.29737377e-01
  -7.62876868e-01  2.42895856e-01 -8.93463135e-01  1.06757641e+00
  -1.27445138e+00 -3.63606870e-01 -2.43601227e+00 -1.97102115e-01
  -3.01683191e-02  9.68089044e-01]
 [-2.00972050e-01  9.11863685e-01 -9.03490603e-01  1.16849530e+00
  -1.01674533e+00  1.20932899e-01 -4.27860469e-01 -1.24726021e+00
   1.95106626e-01  2.92630523e-01 -2.01127723e-01 -5.31275332e-01
   6.76822245e-01  3.57962281e-01 -5.69877982e-01  1.06758022e+00
  -1.14817035e+00 -2.24023357e-01 -5.79139352e-01  2.37589628e-01
  -4.59887117e-01  1.05448031e+00]
 [-4.85280633e-01 -1.69349030e-01  9.81406391e-01 -6.01338625e-01
  -2.21450281e+00  1.96993864e+00  1.33825028e+00 -7.23073900e-01
   1.55342364e+00 -1.14328969e+00 -3.45324129e-02 -2.37535223e-01
   3.56620938e-01 -8.00026953e-01 -8.92187715e-01 -1.42965689e-01
  -1.02407598e+00 -4.83278722e-01  1.00885022e+00 -1.04977763e+00
   2.82606363e-01  5.42455494e-01]
 [ 2.04521567e-01  1.32983744e+00  9.06320691e-01  2.10683793e-01
   1.82231534e+00  3.57287467e-01  5.71326375e-01  2.21605286e-01
  -3.85146469e-01 -3.23283195e-01 -9.21845853e-01 -8.45020413e-01
   8.92230213e-01 -2.89178908e-01  6.61081299e-02  9.13890779e-01
  -2.54216522e-01 -4.66545746e-02 -2.72938997e-01 -2.99289376e-02
  -1.49260713e-02 -5.29782474e-01]
 [ 6.94285154e-01  1.43690431e+00 -1.18299174e+00  8.70433927e-01
  -4.75101233e-01 -3.15212876e-01 -6.11191094e-01  1.15035236e+00
   2.13972783e+00  6.59696385e-02  2.75769711e-01 -5.70425749e-01
  -8.67042005e-01 -6.56580329e-01  8.54488730e-01  4.55781817e-01
   4.88351285e-01 -9.41553339e-02  1.00523090e+00 -6.85565025e-02
  -1.37730718e+00 -1.02119699e-01]
 [-1.01865792e+00  3.32909077e-01 -7.95001268e-01  8.75464857e-01
   5.12222290e-01  8.05165350e-01 -8.50395620e-01  1.00454676e+00
  -1.09728217e+00  3.69503468e-01  6.05210602e-01  1.84621537e+00
  -1.00876391e+00 -1.46705461e+00 -9.60842669e-01 -2.33667326e+00
  -7.09095359e-01  3.77428323e-01  5.52533567e-01  2.26397038e-01
   1.96843517e+00 -2.25634664e-01]
 [ 3.63961399e-01 -7.22329080e-01 -2.37078524e+00 -7.40875840e-01
   1.91786930e-01 -7.19368994e-01 -3.92827690e-01  1.14566898e+00
  -1.12228882e+00  1.05864477e+00  9.66783404e-01 -3.41122091e-01
  -1.37416303e+00  7.94651210e-01  4.60930727e-02  3.32142264e-01
  -6.21928990e-01 -1.06665862e+00 -1.88161087e+00  4.51064587e-01
  -5.53825557e-01  5.88334620e-01]
 [ 3.96303952e-01  4.91764694e-01 -8.84348094e-01  7.22686276e-02
  -7.32739121e-02  7.46518672e-01  2.19765520e+00 -2.25811696e+00
   7.65428483e-01  2.80075222e-01 -3.47227246e-01  6.71124697e-01
   1.25183374e-01 -3.53159815e-01 -5.16024768e-01 -8.37379918e-02
   8.95617604e-01 -5.73605776e-01 -5.81779599e-01 -6.32422328e-01
  -5.50482571e-01  9.08721462e-02]]
[[-0.4457225   0.42557478 -1.2090436  -0.04558752]
 [-0.09592886  0.55925     0.17003061  1.0038148 ]
 [ 0.87157977 -0.8502048   3.4600024   0.15196648]
 [ 0.9567368   0.59029716  0.43970865 -0.99673873]
 [ 1.2810662   0.81742185  0.82624984  0.2457631 ]
 [-0.4009716  -0.34827513  0.76512796  0.00389526]
 [-0.864308    2.1326213   0.65834045  0.12750976]
 [-0.5996987  -0.19728878 -0.1454287   0.48997346]
 [-0.7738206   0.6098409  -0.948217    1.6192303 ]
 [-0.05029513 -0.43728966  0.07728674  1.0454868 ]
 [ 1.1007534   0.6971604  -0.8721743  -2.4282968 ]
 [-0.5681543  -0.12656552  0.7596764   0.8186166 ]
 [-0.17050399  0.27579433 -1.4613056   1.2711115 ]
 [-1.2390003  -0.6941919   1.021242    0.5518557 ]
 [ 0.9837663  -1.0512606   0.97434914  0.8893562 ]
 [ 1.4296522   0.46897423  0.1034508  -1.5412071 ]
 [ 1.7435446  -1.1609637  -0.32451758  1.1002228 ]
 [-0.06016591 -0.13884294 -0.8178331  -0.94249463]
 [ 0.1975281   1.8270044  -0.01580759  1.149996  ]
 [-1.3198774  -0.84035164 -0.8839989  -1.1784086 ]
 [-0.5100681   0.06200342 -1.0355383   1.0966809 ]
 [ 0.32708058  0.2109221  -1.2791933  -0.45156834]]

[-0.08961531  0.77877027 -0.93186367 -0.42319593  0.2690693   0.7993366
 -0.47938055 -1.2822086  -0.15940852  0.85494995 -0.10967755 -0.8981963
 -1.5141182   2.5421882  -1.3480053   0.6150473   0.40373814  0.5786418
  0.6559391   1.1559397  -0.91878676 -0.19925319]
[ 0.09088211 -0.13496293 -1.0324339  -0.4817388 ]
