[[ 2.78623962e+00  5.45688331e-01  3.90054405e-01 -2.15842390e+00
  -4.54260647e-01 -1.35829699e+00 -1.82520401e+00 -1.13922381e+00
   4.19347107e-01 -3.54984611e-01 -3.58852059e-01  3.19611728e-01
   1.71168447e+00 -8.61633718e-01  7.24474728e-01 -1.96871057e-01
  -5.34002900e-01 -8.85822713e-01  3.50974143e-01 -1.19210291e+00
   8.69382918e-01]
 [ 7.09838569e-01  6.39775455e-01  1.04554760e+00  1.25277138e+00
   4.56011057e-01 -1.02049553e+00  1.36118937e+00 -4.41466458e-02
   2.09661409e-01  7.92311192e-01  1.06014454e+00 -7.26993978e-01
   1.93780327e+00  1.49033427e-01 -8.92672956e-01  5.16358197e-01
   1.49039268e+00 -5.45973718e-01  2.05714846e+00  2.28398100e-01
  -1.00837183e+00]
 [ 2.27134371e+00 -1.15830684e+00 -3.10051143e-01  1.76615095e+00
  -1.12739885e+00  1.23687887e+00 -2.07015276e+00  1.79976439e+00
  -1.02592111e+00  9.54715371e-01 -6.17068291e-01  5.15291929e-01
   2.15969637e-01  2.05740795e-01 -2.13126850e+00  6.59763455e-01
   2.44141176e-01 -3.13238472e-01 -5.94658613e-01  8.32834661e-01
   5.57524562e-01]
 [ 1.83636498e+00 -2.17058167e-01  1.15106571e+00  7.74541274e-02
  -5.22174299e-01  8.54660332e-01  1.21459484e+00 -7.86963642e-01
   1.04558480e+00 -3.92610371e-01 -4.12888788e-02 -1.17729449e+00
  -8.47307682e-01  1.95878923e-01  1.93210736e-01  1.36684418e+00
  -1.20066643e+00 -1.15271784e-01  1.90846190e-01 -7.17600942e-01
   2.91247945e-02]
 [-3.96302629e+00  7.39663720e-01  2.06910729e+00  6.36074424e-01
  -8.21175516e-01 -3.45605314e-02 -3.49272519e-01  3.16241264e-01
   9.55638051e-01  1.34650990e-01  9.80946779e-01 -2.83351004e-01
  -6.95505917e-01  1.18355393e+00 -8.36484134e-01  1.27497888e+00
   1.19726539e+00  9.36864436e-01  1.03030550e+00  1.69778585e+00
  -1.03243709e+00]
 [ 9.24160480e-01  8.51315320e-01  2.25027132e+00  9.13398206e-01
  -6.61921024e-01  4.78038698e-01 -6.13895655e-02  2.20682397e-01
   1.21982336e-01  2.74310660e+00  9.96831357e-01 -6.32527051e-04
   6.92400515e-01  3.80128510e-02  2.38332078e-01 -1.07410359e+00
   4.75013524e-01 -6.32878393e-02  2.47086287e-01 -3.87189016e-02
  -1.28145039e+00]
 [-1.66733313e+00 -3.40385586e-01 -1.03695357e+00  8.61431539e-01
  -1.10325404e-01 -9.46819037e-02  2.09166718e+00  5.71934223e-01
  -5.03500938e-01  1.33669627e+00  1.51217198e+00 -7.86058456e-02
   1.81732285e+00 -1.66843116e-01 -4.72835660e-01 -1.36303413e+00
   1.61084509e+00 -1.55911601e+00  3.56480420e-01 -1.77727774e-01
   5.69560155e-02]
 [ 2.14299798e-01  7.84053564e-01 -2.03538716e-01  1.69163808e-01
  -1.79193938e+00  1.97734702e+00  4.13911104e-01 -1.49000084e+00
   8.13674808e-01 -5.54124236e-01 -3.67541105e-01  2.27371246e-01
   1.36412883e+00  7.62339711e-01  8.34275663e-01 -1.03932276e-01
  -1.84531704e-01 -2.81984496e+00 -3.35970312e-01  3.92996520e-02
  -7.57696033e-02]
 [-1.11270201e+00 -3.20091724e-01  1.03352177e+00  1.87756538e+00
  -1.06237006e+00 -1.10950613e+00  1.37061751e+00  4.53118503e-01
  -2.60950446e-01  8.98197055e-01  7.24376440e-01 -1.69238460e+00
   5.16247094e-01  1.87264192e+00 -4.87086535e-01  4.11924630e-01
  -8.70979309e-01 -6.19784072e-02  9.69526649e-01 -2.04754639e+00
  -5.46379387e-01]
 [-8.08520377e-01 -3.61193679e-02  9.53012228e-01 -1.06273353e+00
   7.85758138e-01 -4.36555445e-01 -6.38640642e-01 -6.59188032e-01
   1.13756597e+00  1.13235462e+00  1.38879395e+00  1.49253106e+00
   5.16417861e-01 -8.90952885e-01  2.57919312e+00 -1.69046029e-01
  -9.33924735e-01  1.06042361e+00 -3.59398663e-01 -7.09714413e-01
  -8.47529352e-01]
 [ 9.13220569e-02  4.49129581e-01 -8.79372358e-01 -8.61427963e-01
  -1.04427554e-01 -7.78484792e-02 -3.70040864e-01 -3.66682746e-02
  -8.29134583e-01 -1.22667909e+00  4.87152338e-01  1.09443486e+00
   1.15209961e+00  6.66081682e-02 -1.31383014e+00  2.42563391e+00
   3.78420770e-01  3.71006936e-01  4.16569203e-01  3.97529721e-01
   4.61571991e-01]
 [ 3.15573454e+00  1.82121977e-01 -9.28640187e-01  1.03685498e+00
  -9.88738716e-01  1.10609853e+00 -1.44732058e+00  1.59320593e+00
  -1.38565814e+00 -7.52781630e-01 -1.03741467e+00 -1.75100788e-01
   5.57584107e-01  4.22092110e-01 -1.19972003e+00  3.14869136e-01
   4.90729243e-01  6.32347465e-02 -4.02450383e-01  1.44625485e+00
   1.12788272e+00]
 [-1.13924682e-01  1.42073989e+00 -5.84558427e-01  8.29339325e-01
  -6.19325280e-01 -5.80472946e-01 -1.07262766e+00  5.76065242e-01
  -1.15051353e+00  3.08454901e-01 -6.32399619e-01  6.66580126e-02
  -1.26454031e+00  7.96446860e-01 -3.10586190e+00 -9.02739942e-01
   6.21176720e-01  7.63886452e-01  1.82568705e+00  9.71606821e-02
  -4.45933372e-01]
 [-7.56000936e-01 -4.38778311e-01  1.96849191e+00  7.37276793e-01
   1.47735727e+00 -3.64632547e-01 -2.40304098e-01 -4.41252232e-01
   1.34047019e+00  5.58942854e-02  4.26389366e-01  1.72791100e+00
  -1.01671219e+00  1.85847509e+00  8.48832548e-01  1.43278015e+00
  -2.04997122e-01  1.16113961e+00  5.17360494e-02  7.47504234e-01
   1.19998288e+00]
 [ 8.27108994e-02  5.49574375e-01 -5.58376908e-01 -6.38980031e-01
  -9.55945909e-01  3.38997006e-01  9.12067950e-01  7.06731141e-01
   1.12991190e+00 -4.71342653e-01 -1.53164840e+00 -7.60775506e-01
   4.01962310e-01  2.15679556e-01 -3.05135339e-01  3.40717196e-01
   7.34443843e-01 -1.17989779e+00  6.50249243e-01  8.08217227e-01
   1.42110097e+00]
 [-1.21296597e+00 -1.22985399e+00  7.61972249e-01 -6.02811396e-01
   1.68820298e+00  1.56052208e+00 -2.29990792e+00 -8.01975965e-01
   2.66579002e-01  2.19554529e-01 -5.61548471e-01  1.35958934e+00
  -9.97119665e-01  1.56891078e-03 -1.03086375e-01  1.41266012e+00
   4.17934686e-01  5.95246196e-01 -2.28921726e-01  2.19805017e-01
   3.73290092e-01]
 [ 1.48472619e+00  7.88911045e-01  1.27888948e-01  6.66693866e-01
   8.06045473e-01  1.09687269e+00 -1.00446451e+00  1.20106685e+00
  -2.29163319e-01 -1.99326083e-01 -3.33498210e-01  1.23301470e+00
  -2.29271069e-01 -3.71776372e-01  1.29306805e+00 -8.98589790e-02
   1.26202226e+00 -7.23202229e-01 -3.06699657e+00 -4.05330092e-01
  -2.23417327e-01]
 [-1.21049054e-01  9.56587315e-01  2.42089257e-01 -9.63496387e-01
  -1.40474248e+00 -9.18804586e-01  1.18858433e+00  1.08202171e+00
  -2.73813605e-01 -1.55679598e-01 -2.12335646e-01  9.68091071e-01
  -4.45644736e-01 -1.50818810e-01 -1.18161070e+00 -1.32528301e-02
   8.56008679e-02 -2.53039217e+00  1.16065586e+00  6.18626654e-01
  -2.65572041e-01]
 [ 1.22400510e+00 -3.74644935e-01  1.24102187e+00  4.26440090e-01
  -4.55091685e-01 -1.17548716e+00 -1.92581844e+00  1.11319768e+00
   3.28079641e-01  4.81730014e-01 -3.49805653e-01 -5.48009217e-01
   4.48296845e-01 -1.64715439e-01 -1.37369061e+00  2.71341830e-01
   4.69282627e-01 -3.91992390e-01  2.35362148e+00  3.40028107e-01
  -1.38813064e-01]
 [ 8.73039544e-01 -2.74651885e-01  7.44101703e-01 -4.21219647e-01
  -1.88821876e+00 -6.30994618e-01 -1.01968908e+00  6.45859897e-01
  -1.57978624e-01  1.75866210e+00 -2.07574353e-01  1.26145512e-01
   1.47327828e+00  2.26484373e-01 -5.69215536e-01  2.22674862e-01
  -1.17259777e+00  1.34004211e+00 -2.92318255e-01  1.48019090e-01
   1.88387096e-01]
 [ 1.14801466e+00  7.32323155e-02  2.57722199e-01  5.25019050e-01
  -1.69673836e+00  1.00254858e+00  2.68385768e-01 -2.50711106e-02
   4.64737296e-01  3.87498558e-01 -5.22012055e-01 -8.37216437e-01
  -2.44421557e-01  4.22715209e-02  2.18658358e-01 -4.52189535e-01
   7.20455408e-01  7.27106929e-01 -3.55947316e-01  4.48943615e-01
  -5.03308356e-01]
 [-8.95008296e-02 -6.41713515e-02  8.23571444e-01 -1.50166154e+00
   7.73585618e-01  6.14705563e-01  1.13141859e+00  8.54890466e-01
   8.32109824e-02 -5.20832762e-02 -1.42864537e+00  1.81897080e+00
  -2.42726877e-01 -1.50894141e+00 -1.54064941e+00  2.22300574e-01
   1.16099739e+00  1.32909298e-01  1.36929584e+00 -6.38774812e-01
  -9.57646370e-01]
 [-2.77812243e-01 -1.90427706e-01  2.17737699e+00  1.22740448e-01
   1.77511185e-01 -3.86179268e-01  5.99646926e-01 -3.42750907e-01
  -5.50734580e-01  1.31150746e+00 -1.77515745e-01  1.49747634e+00
   9.27947462e-01  4.06154275e-01  3.17797035e-01  1.79190242e+00
   4.44383383e-01  5.38839102e-01  9.68009174e-01  1.88106287e+00
   8.52412939e-01]
 [-4.97766733e-01  3.88043463e-01  5.16801715e-01 -7.03979313e-01
   5.56927800e-01  1.31078064e-01 -1.28958881e+00 -8.60452831e-01
  -8.37447941e-01  1.98476180e-01  5.32382011e-01  2.51079202e+00
  -1.19640505e+00 -1.10283993e-01 -1.69614148e+00  5.54808557e-01
   3.88379097e-01 -1.67390442e+00  1.67270315e+00  1.25545275e+00
  -9.03769195e-01]
 [ 3.10052991e-01 -1.05508101e+00 -9.96929705e-01  2.69058943e-02
  -9.79256809e-01 -9.98225063e-02  2.08713695e-01 -3.02185923e-01
  -6.08814895e-01 -3.06343198e-01 -5.39335489e-01  1.53523290e+00
   6.11112118e-01 -2.20933974e-01 -1.14571643e+00  5.38166225e-01
  -4.61809903e-01  2.66477257e-01 -1.50462732e-01 -3.16058993e-01
   6.59234822e-01]
 [-6.14190459e-01  8.31773043e-01 -5.97362459e-01 -9.39523458e-01
  -2.41721821e+00  1.59050345e+00 -3.60384881e-01 -1.12873971e+00
  -1.54333208e-02 -6.42743334e-02  5.45086801e-01 -7.63410032e-01
   2.97193348e-01  8.45550656e-01  2.72805691e-01  4.06775594e-01
  -4.26392406e-01 -2.84220427e-01 -1.32763624e+00  6.31856918e-01
  -1.40355766e+00]
 [ 2.36766481e+00  5.08256853e-01 -1.15529430e+00 -4.34276104e-01
   1.04268663e-01 -1.35524347e-01  4.09789264e-01 -2.19938442e-01
   1.21305013e+00  2.56139219e-01 -1.20563328e+00  1.22462487e+00
   1.37880400e-01 -4.24923748e-01 -1.33989573e-01 -1.56590521e+00
   2.20782304e+00 -1.39603257e+00 -6.37876615e-02  5.12581527e-01
   6.12008750e-01]
 [ 1.13887465e+00  4.80509371e-01 -2.43441314e-02  2.58925706e-01
   6.16508573e-02  1.39005676e-01 -3.60030711e-01  3.48863542e-01
   1.37010562e+00  1.06912327e+00  6.78613842e-01 -1.34017992e+00
   4.56989884e-01 -6.18169725e-01 -2.62674427e+00 -5.71833134e-01
   5.80413520e-01  3.69103223e-01  5.77977598e-01 -6.49085343e-02
   4.68647420e-01]
 [-8.79932404e-01  9.14877504e-02  7.03974247e-01 -1.53161749e-01
  -1.37486577e+00 -3.59646171e-01 -6.07340097e-01  2.14890933e+00
   4.49444920e-01 -3.97066295e-01 -1.63871840e-01  1.86590362e+00
   4.37747210e-01  4.60847706e-01  2.52213407e+00  6.54874325e-01
   7.34062254e-01  7.23626539e-02 -3.47695380e-01 -4.96523887e-01
  -7.95123518e-01]
 [ 3.71983975e-01  9.89486836e-03  5.94454885e-01  9.16138291e-01
  -3.48573744e-01 -4.59872872e-01  6.96319938e-01 -2.20523119e-01
   8.40853155e-02  1.72398910e-01 -1.12318702e-01  5.09401560e-01
   2.57453918e-02  8.92348409e-01 -1.32030344e+00 -7.54734457e-01
  -8.73651862e-01 -2.94879377e-02 -5.95251322e-01  6.26660287e-01
   6.06695294e-01]
 [-5.62230125e-02  6.39043301e-02  3.68705571e-01 -6.44042671e-01
  -5.75624406e-01  3.38588804e-01 -3.96697074e-01  2.06592941e+00
  -3.08368593e-01 -1.00138557e+00 -1.11198545e+00 -8.44944954e-01
  -2.69111127e-01 -1.27866769e+00  1.24258780e+00 -5.30594766e-01
   3.87062281e-01 -1.55110836e+00  1.34761572e-01  7.17005908e-01
  -6.32313848e-01]
 [-5.11921048e-01 -2.27304769e+00 -1.30323634e-01  2.66469121e-01
  -1.32498729e+00  5.10974109e-01  1.74784112e+00  7.81459212e-01
  -3.22356164e-01 -2.02008709e-01  8.07871938e-01  1.03352726e+00
  -3.59520651e-02 -1.25488174e+00  1.03832334e-01 -4.15878147e-01
  -1.65941834e-01  3.70230794e-01 -1.86985123e+00  8.55766118e-01
  -1.09964550e+00]
 [ 8.05598963e-03  8.89296353e-01 -2.23675832e-01  6.37408257e-01
  -3.72031808e-01 -1.43631995e+00  7.21226156e-01  2.14268327e-01
  -1.35665882e+00 -2.33274746e+00  1.76348686e+00 -9.82588351e-01
  -7.27476954e-01  3.00217867e-02 -1.37616619e-01 -9.43336010e-01
  -1.97569346e+00 -5.56321442e-01 -9.13140953e-01  4.66892332e-01
  -4.62144703e-01]
 [-7.13351727e-01 -2.53430533e+00  1.37642300e+00  2.26327777e+00
   9.51081991e-01  2.44033146e+00  8.22920620e-01  8.48635435e-01
  -1.17794260e-01  5.57772815e-01  2.35605258e-02  2.28605556e+00
  -3.22568297e-01  1.21884227e+00 -1.46398056e+00  2.09764957e-01
  -1.02795005e-01 -6.28132522e-02 -7.27684498e-01  1.75566638e+00
   3.95426303e-01]
 [-9.17758107e-01 -2.54909843e-01  1.19312859e+00 -5.74065268e-01
   8.37307394e-01 -1.86429426e-01 -2.14292258e-02  9.31223094e-01
  -2.05288306e-01  6.43990636e-01 -1.20190978e+00  8.25248778e-01
  -1.46121249e-01 -9.68299150e-01  1.85728216e+00 -5.38077176e-01
  -2.23772144e+00 -9.52994883e-01  1.19029284e+00  7.92886674e-01
   9.89310205e-01]
 [ 6.59700155e-01 -1.44432083e-01  2.12845221e-01 -1.38217798e-02
  -1.23573053e+00  1.49736673e-01 -4.88090441e-02  3.42268169e-01
   6.44813180e-02  1.07331574e+00  8.17067683e-01 -4.10934269e-01
   7.53611922e-01 -1.40877235e+00 -1.96407914e+00  2.57423013e-01
   3.34186047e-01  1.54212669e-01  3.94999921e-01 -3.03524524e-01
   1.00550711e+00]
 [ 1.08581769e+00 -1.29706991e+00  1.13015163e+00  2.00750947e+00
  -8.72945130e-01 -1.34410989e+00  6.59928262e-01  2.69860506e+00
  -1.21141636e+00 -1.17181838e+00  5.11230052e-01  1.10337329e+00
  -3.12982172e-01 -1.10855496e+00  4.89588767e-01  1.68449938e-01
  -4.42647964e-01 -2.73699951e+00 -8.73166099e-02  1.21227570e-01
   1.37303591e+00]
 [ 2.12329626e-01  1.73044264e-01  7.20744193e-01 -6.34149492e-01
   6.33366346e-01  9.85458374e-01  9.40330744e-01  2.86435127e-01
   5.04512906e-01  8.54168832e-01  2.05405444e-01  2.44787291e-01
   8.11224222e-01  4.67836022e-01 -5.32553732e-01 -1.03052646e-01
  -9.33821201e-01 -2.43427825e+00  8.03377330e-02  8.51470530e-01
   2.08144116e+00]
 [ 6.19669437e-01  5.54405510e-01 -1.20329034e+00 -2.37118080e-01
  -1.46425378e+00  9.50384617e-01 -1.43909538e+00  2.11626559e-01
   3.25798512e-01 -5.82023382e-01 -3.91458660e-01  8.18054736e-01
   2.04991269e+00  1.26025724e+00 -1.58529437e+00  1.75524008e+00
  -3.99242461e-01 -3.10968667e-01  1.22573709e+00 -3.46065402e-01
   1.76298165e+00]
 [ 7.97436595e-01  1.67458594e+00 -1.97996929e-01  1.14720845e+00
   5.16746163e-01 -2.19082808e+00  4.82294321e-01 -7.53510416e-01
   7.42403507e-01 -1.49852443e+00  1.32702708e+00 -2.14817524e+00
  -5.28189838e-01  1.73907852e+00  4.10430133e-01  7.79247999e-01
  -7.12207377e-01  6.36711180e-01 -7.94508934e-01 -3.26871037e-01
   2.29870391e+00]]
[[ 1.57548952e+00  1.81519115e+00  9.98508692e-01]
 [ 1.04296066e-01  7.37351120e-01  1.88985276e+00]
 [ 1.07422388e+00 -3.00585210e-01 -5.39655626e-01]
 [-5.81593275e-01 -4.43276435e-01  1.85671234e+00]
 [ 4.70298231e-01 -1.39408374e+00 -1.70736337e+00]
 [ 8.35658967e-01  2.88336903e-01 -8.62893239e-02]
 [-7.54373014e-01  3.57984100e-04 -1.20329969e-01]
 [-1.22337174e+00 -3.45656425e-01 -1.67958975e+00]
 [ 5.32587528e-01 -6.23281121e-01  4.82379496e-01]
 [-1.27797771e+00  5.02420485e-01 -8.58641639e-02]
 [ 2.48044148e-01  1.53824985e-01 -6.93535268e-01]
 [-3.60522985e-01 -5.15931964e-01  2.18796954e-02]
 [ 7.13389933e-01 -9.06661272e-01  7.94705749e-02]
 [ 1.08857185e-01  4.67746377e-01 -1.41045570e+00]
 [-2.66278893e-01 -5.91482103e-01  6.11687183e-01]
 [-6.53882504e-01  7.62813210e-01  1.86427975e+00]
 [-8.83355141e-01 -4.36060309e-01 -1.29373217e+00]
 [-5.99929750e-01  7.17409909e-01 -2.79225677e-01]
 [-1.05048907e+00 -7.55978048e-01 -3.06375921e-01]
 [-6.76206201e-02  7.71034300e-01  1.82447505e+00]
 [ 6.48217022e-01  5.17256916e-01 -5.69976926e-01]]

[-0.35050404  2.0288076  -0.03116785 -0.34371132  0.04069519  1.8278952
 -0.98648524 -0.24347918  0.5642236   1.3583851   0.09599609 -0.39049762
 -1.3727301  -0.325026    0.369021   -0.42565882 -1.5394788   2.540919
 -0.8667723  -0.05907847 -0.4733911 ]
[ 0.7410958  -0.2634791  -0.91103345]
