[[ 0.47268242  1.1675878   1.6421096  -0.6815549   2.2126794   1.1057
   0.887073   -0.45909858 -1.4838836   0.41208148  1.1274172  -0.7375543
   1.3471291   0.5404679  -1.3827212   0.6757056   0.794061   -1.5181465
   1.623633   -0.356745    1.6181681 ]
 [ 0.44011563 -1.7583522  -0.78504163  0.732434   -0.60551107 -1.0637239
  -0.45972568 -0.6771535   3.0850887   0.63246393 -0.7346684  -0.07376215
   2.688408   -0.7573083   0.44297642  0.4081011   0.7806822   2.747251
  -0.36333984 -0.401502    0.8262048 ]
 [ 0.5739303   0.6651063  -1.0643198  -0.5794641   0.7482769  -2.031377
  -1.0264455   1.6109291   0.23682162  0.01862821 -0.22975121  2.3590689
  -1.1945819  -0.04705967  0.8146613   1.536659    0.68414366 -0.2406001
  -0.7578061  -1.0120276  -0.6110169 ]
 [-0.7387526  -0.08308273  0.04803655 -1.8902769   0.59832543 -1.4417001
  -0.16673033 -0.54231006 -0.6939728  -0.799249    1.5542768  -0.30080226
   1.3390801   0.3790052   0.7702716  -1.5305966   1.350421    0.00889629
  -0.60790926 -0.02751669  0.22751638]
 [ 0.94064647  0.6574149  -0.21602097 -0.9219531  -1.6442151   0.15813543
   0.18177031  0.4304217   0.30024794  0.17660841 -0.10981705 -0.4022995
  -0.25502563 -0.68628085  0.08091226 -0.4649535   1.5454814   2.2198546
   0.78121006 -2.5183353  -2.4809675 ]
 [-1.2596135   1.4940292   0.7673154  -0.7403645   1.0138434   0.82056403
  -1.4309133   0.12437619 -0.08283347 -1.7550709   0.33016002  0.0214201
  -0.48807487  0.19852106 -1.5303408  -0.9327119   0.41111714  0.5660014
  -0.9122457  -0.87700397  0.3462854 ]
 [-0.8864172  -1.406884   -0.28332758 -0.35165465  0.8021846   0.33638877
  -0.89235353  1.0936408  -0.12223306 -0.02838649 -0.3685401  -0.508755
   0.6814728   0.04506855 -0.04934581 -1.2670956  -0.24778293  0.41246206
   0.09676279 -0.18991478 -0.7913263 ]
 [ 0.23034458 -1.4427557  -0.28417817  0.20743397  0.23825485 -0.6146368
  -0.0342974   0.9350696  -0.23666213 -0.65832025 -0.3828308  -1.8882729
   0.65475154 -0.01757736 -0.0937165   0.10414433 -0.5970638   0.5390185
  -0.16323932  0.06296164 -0.6323728 ]
 [-0.32525262 -0.64999735 -0.51670784  0.9953141   0.6154507   1.5214629
   0.13856758 -0.7667915   0.21049424  0.93883973  0.36807722 -0.27744567
   0.4302028  -1.9953824  -0.2196586  -0.43875527  0.6373508  -0.2678412
   0.24195006 -1.427839    0.9070023 ]
 [-0.5690544  -1.4482293   0.91831756 -0.7852964  -0.09395412 -0.8556045
  -0.45925918  1.2386903  -0.66695666 -1.1728551  -0.71055716 -2.1078
  -2.1153686   1.6591306   0.62993354 -1.4840457  -0.41277856  0.12912421
  -1.1612687   0.41768676 -1.7935692 ]
 [-0.9034039  -0.9011695  -0.8610916  -0.27269918 -0.3022203   1.526756
  -1.0610799   0.4635126   0.6900203  -1.7553835   1.4068367   0.1605477
   1.4933771  -0.2626919  -0.47348592  0.5912891   0.85485816 -1.6264995
   0.00796971  0.40104988  0.5258432 ]
 [ 0.83967674 -1.5630512   1.1091739  -0.16900471 -0.47908866 -0.19534315
  -0.01356336  1.0610164  -0.4352942   1.2758831   1.1402206   0.62675923
   0.3278042   0.855602   -0.6978026  -0.16122246  0.47273877 -0.7530441
   0.31766817 -0.13217694  0.03103448]
 [ 0.305547   -0.6501588   0.46971452  1.0171221  -0.18875676 -2.1183481
  -0.75789076  0.51268405  1.07183    -0.10203402 -0.72587705  1.6062335
   1.3167487   0.81604433 -0.55915076  0.9522375   0.83135915  0.8536531
   0.38399678 -1.0727357   0.53915584]
 [ 0.55823475  0.86840713 -0.4116156  -1.1039039  -1.6695844   0.4629467
   1.3872019  -0.20425308 -0.76184905  0.05575969 -1.7990966   0.00725824
   0.87894374  0.42083955  0.840907   -0.9197183  -0.3366465  -0.7121273
  -0.32827142  0.5474345   0.20900498]
 [-0.18898498 -0.1253614  -1.530362    0.29370806  0.19391103  0.42155117
  -0.50161165  1.9007498   0.12766667 -0.12436011 -1.423783    0.22432104
  -0.8368254  -1.0033798  -0.2070093   1.2462479   0.86051226  0.17704387
   0.73109186  1.4383402   2.110604  ]
 [ 0.5937082   0.53594095 -2.7876902  -0.9281678  -1.1049986  -0.24370992
  -0.68377036 -0.22143985  0.7571706  -0.68678457  1.0097152  -0.02068806
  -0.96533847  0.20891523 -1.6098868   1.8870049  -0.7988472  -0.22828946
  -0.3551666   1.5701027  -0.9173577 ]
 [ 0.9695677   0.61509705  0.4362869  -1.1666056   0.31126595 -0.13642304
   0.12133481 -0.4513319  -1.9987766  -0.37390935 -0.6362597   0.78058934
   0.35809475 -0.888078    1.0273675   1.2283169   1.063616   -1.2773788
   0.56368273 -0.73085785  0.3870133 ]
 [-0.27923283  0.5810486  -1.5203884   0.21646088  0.8635559  -0.19765763
   0.74796957 -0.7883138   3.4919925  -2.8078783  -1.2875676  -0.27328607
   0.71397763 -2.9381115  -0.76715493 -1.0183768  -1.9708462   1.2406303
  -0.69462603 -0.7531024  -0.83280927]
 [-1.6666814  -0.06216267 -1.1058781  -0.9142916   1.3759844  -1.111926
  -0.02072315 -0.9878435   0.73781216  0.31486887 -0.4156011   0.12567851
  -1.0564058  -0.54224724 -0.49470398 -0.35773814  0.8245561  -0.1458679
   0.39806494  0.11801677  0.08714044]
 [ 0.9072339  -0.07698204 -0.19153878 -1.7791945  -0.24669965 -0.7714517
   0.3616085  -1.1404756  -0.20101087 -1.3652478  -0.5376087   0.8645693
   1.418237   -1.5826908  -0.82616746 -0.4852076  -0.5403834  -0.33588594
   0.63429964 -1.1004694   2.1978152 ]
 [-0.20084542 -1.0530002  -0.5946826  -1.934434    0.31497994 -1.484556
  -0.32136667  0.13294548  0.7971879  -0.8020714  -0.15555505  0.02395794
  -0.73894674  1.0258303   0.25640017  0.45401624 -0.38783005  0.02610473
  -0.91074556 -1.80085     0.12628958]
 [-1.2174326  -1.2930223  -0.97112966  0.48532218  1.6955743  -0.6345246
  -0.5453771  -1.7525901  -1.7265353  -0.24016899  2.3227973   0.9042018
  -2.2146864   0.31258604  1.746201   -1.3021436   1.8596798   0.06507099
   1.0510477   1.422867    1.6515265 ]
 [-1.1976587   2.8186088   0.15891112 -0.81491864 -0.39162186 -0.89977396
   0.89480543 -0.20950012  0.57880384  0.10742963  0.883323    1.7444725
   0.72606313 -0.44346347  0.23234281  0.64931524  2.3440337   1.3130053
   1.0710509  -1.4271063   0.03996034]
 [ 0.32777542  0.48025662 -1.5206655  -0.93409055 -1.9239511   0.46609935
  -0.00489912  0.12015522  0.7879267   1.223468   -0.30707222 -1.0441772
   1.5518153  -0.663737    0.21449251 -1.9709607   1.0490172   1.5829078
  -0.07244313 -0.53322506 -1.1547178 ]
 [-1.7428818  -1.3941145   1.2273166  -2.1452978   1.584808   -1.5720726
   0.83836895 -0.78552556  0.06110986  0.14542876 -1.3137683   0.16948174
   0.2244136  -0.8477055  -0.16881664 -0.7929864   1.1697745   0.36614326
   0.7733152  -0.7248837   1.9427453 ]
 [ 0.5579615  -2.038266    0.6157804  -0.8405882   0.12326397 -0.8224397
  -0.07626498 -1.1595206   0.211014    0.11618754  0.33620396 -0.04124703
  -2.0500875   0.91879654  0.98581827  0.508428   -0.63292855 -0.46966892
  -0.9668928   0.08591083 -1.3634347 ]
 [ 0.46776193  0.71706665 -0.11240949 -2.3590477   1.004363    0.7622211
  -0.02307037 -1.5466175  -1.5506747   0.57940215 -0.35736564  0.5845958
  -0.6172067   0.25646245 -0.04045778 -0.09694232  1.304848   -0.81296057
  -0.20489985 -0.02123356 -0.20334814]
 [-0.55104303 -0.9710126  -0.15438057  0.5752989   1.12398    -0.8372799
  -2.6170878   0.91334444 -0.7555281  -2.0974839   0.07484595  0.59291774
  -1.007608   -0.36161458 -0.35266134 -0.6016906   1.6620303  -1.930099
  -0.15869349 -0.51211375 -1.7417281 ]
 [-0.01045073  0.07504431  0.34685653 -1.8089206  -1.0869069  -0.9243576
  -0.26062387 -0.27254435 -1.3898752  -0.19555481 -0.20520447  0.36071533
   1.4737056  -0.85161394 -0.71693856 -1.1688075   0.6457587  -0.28541055
   0.37589523 -0.82376903  0.6407812 ]
 [-0.48905063  0.8992859   0.28480315  0.05509769  0.05239765 -0.63620144
   2.5721452   0.07878105 -1.6878774  -1.1211      0.19905713  0.21373266
   0.4335582   1.4769493  -1.840181   -0.8675416   0.8810628   0.11972822
   0.9326045   0.5574277  -0.44470572]
 [-0.11400006  0.3791713   0.72525924 -0.45332187  1.2740141   0.14882515
   1.2257688  -0.54363036 -1.4903216   0.6529589  -0.28064424  0.12180328
  -0.37759224 -0.7160357  -0.64028394  0.6451568   0.86672384  0.278031
   0.39744568 -0.41741985 -0.0982874 ]
 [-0.03732092 -0.26908565 -0.59726727  0.60126764  0.04123447  0.1045981
  -0.65033025  0.19669794 -0.6978647   1.3872483   0.09293099 -0.03468946
   1.5435045  -1.7436066   1.0953417   0.642537    0.52202696  0.7710786
  -0.86782277  0.1200413   1.592424  ]
 [ 0.69368637 -1.3680006  -1.7658607   0.6039807   0.4450813  -0.31857747
   0.54627997 -0.28981897 -0.6899873  -1.4149078   1.4159911   0.10824661
   0.2369408  -0.16137917 -1.0883019  -0.5113833   0.57409376  0.550473
  -1.1482588  -1.830923   -0.4332583 ]
 [-2.3527966  -0.04520978  0.24953581 -0.9199527  -0.44440618 -0.4321776
  -0.08852711 -0.21487035 -0.93643034 -1.015643   -0.24083678  0.04343642
   1.9817145  -1.1362364  -1.6719011   1.2636383   0.7743339   0.14848547
  -0.51635426  0.46699145 -0.01278942]
 [ 1.2179618  -1.6174965  -0.5782048   0.36812702 -0.36430356 -1.0040001
   0.52801865  0.9640735  -0.84549415  0.5721637   0.6644839  -0.03056739
   2.2993128  -0.48673904 -0.4541088   0.3901178   1.1116523   1.1972061
   0.07932419 -0.06458065  0.5209095 ]
 [-1.5232818  -0.10124803 -1.1705635  -0.8170311   0.6232035  -0.08556067
   0.10038088 -1.919855    0.6530252   0.06905413  1.443869    0.52620083
   0.28569257  1.1304207   1.5493786  -0.662092    0.74648273  0.23934971
  -0.09462883 -0.30349705  0.03505599]
 [-1.2214884   0.81753737  0.0533206   0.36971724 -0.5655435   0.5980194
  -0.5408001   0.9060548  -2.938743   -2.0608299  -0.9404219   0.09146219
  -0.42049617 -0.2283976   0.12173896  0.07068653 -1.1086413   0.03510195
  -0.4354242  -0.3565596   0.84036475]
 [-0.35686073 -0.65563285  0.5539619   0.32633755  1.0235369  -1.425363
  -0.06284903 -0.19546565  1.6195863  -0.18068987  2.5762935  -1.5103388
  -0.09947567  0.01721806 -0.2744208  -0.24939257 -1.2792957  -1.510689
   0.06947501 -0.5157615  -0.20862165]
 [ 0.14034173 -1.071955    0.22850926 -0.8721446  -0.21685101 -1.1499286
  -2.1157486  -1.3806225  -0.5094218  -0.27034262  0.71236444  0.73951024
  -0.31837463 -0.16885714 -1.2124647  -0.97008204 -0.33532962  0.87646997
  -1.0929925   2.026187    0.7570773 ]
 [-0.19758746 -1.6590242  -1.0470335  -0.7293767  -0.29350677  0.03767771
   0.21057385  0.7778694   0.03698923 -0.05326706  2.0512857  -0.21244365
  -0.9610323  -0.97722185 -1.9816799  -0.7043863  -0.83024764  2.3405237
  -4.630891   -0.55105364  1.6004716 ]]
[[ 0.4736085   1.0313187  -0.7884645 ]
 [-1.8774114   1.3923041   1.0832505 ]
 [ 1.6138327   0.81749386 -1.5471537 ]
 [-1.4009726   1.2438159   1.8794994 ]
 [ 0.33907735  0.5456191  -0.53775   ]
 [ 0.11618174  0.7250173  -0.08711781]
 [-0.4833116   0.9943933  -0.34626108]
 [ 0.10831749  0.4151943  -0.6458038 ]
 [-0.57734925  0.07677899  1.1183242 ]
 [ 0.39330328 -1.4825406  -0.68515646]
 [ 0.31930032 -0.09348943 -0.64074075]
 [ 0.19944888  2.5253837   1.0302067 ]
 [ 0.21011268  0.49838302 -0.31937847]
 [-1.4809184  -0.01682049  0.7283506 ]
 [ 0.7667282  -0.5380876  -1.7032025 ]
 [-0.42097187  1.2344522   0.7409116 ]
 [ 0.21116471 -0.2733908   1.4078354 ]
 [-0.66859514  0.05083121  0.64213574]
 [-1.2050276   1.5933757   1.1704806 ]
 [ 1.0714643  -0.04628277  0.58634216]
 [ 0.13831775 -0.35871252 -0.52179366]]

[-2.6292903  -0.48359355 -0.9383691   0.31870273  1.2173071   0.5004682
 -1.7630103  -1.71433     1.907001    1.0727535  -0.16288692  0.56954646
  0.9270586   0.7639039  -0.01997065 -0.08261515  1.1141093   0.9937832
  0.6735079   0.38939342 -0.2742322 ]
[1.2376982  0.16590045 0.4010243 ]
