[[-4.36595321e-01  1.04753301e-01 -1.21961617e+00 -1.77284047e-01
   1.29195511e-01  9.53677773e-01 -1.88376665e-01  3.26273143e-01
   6.38124704e-01 -9.65046644e-01 -1.29583108e+00  2.33298257e-01
  -2.90997446e-01 -6.58430234e-02 -1.26868129e+00 -2.68732697e-01
  -6.55523062e-01  1.79959655e+00 -2.15872693e+00 -7.52738059e-01
   1.68043065e+00]
 [-2.51834130e+00 -1.55692482e+00 -9.55194533e-01 -1.09866691e+00
   1.34272552e+00 -3.26823449e+00  2.81687307e+00 -8.20404112e-01
   1.70456898e+00  5.67480743e-01  1.37729180e+00 -2.13147688e+00
   3.80043238e-02  2.65144110e+00  1.39419413e+00 -3.93539518e-01
  -1.24027610e+00 -1.28076386e+00  2.28440261e+00  1.42975783e+00
   3.31307471e-01]
 [-2.27923334e-01 -7.41163731e-01  9.44071829e-01 -3.55265427e+00
   2.36237645e+00 -1.56351042e+00 -7.18883872e-01  1.22657490e+00
   1.10938323e+00 -8.68076324e-01  1.90169930e+00  1.26068795e+00
  -4.06751707e-02 -6.32156789e-01  6.50879145e-01  1.76593733e+00
   7.77579486e-01  1.40790296e+00 -5.59289277e-01 -1.53749045e-02
   9.78448749e-01]
 [ 1.77800381e+00 -1.47997272e+00 -1.42542934e+00  4.23493445e-01
  -7.12099910e-01  1.11232209e+00 -1.69275850e-01  1.25895131e+00
   4.00452882e-01  3.03895593e-01  5.03585756e-01  2.87733108e-01
  -2.55638838e-01  2.47630119e-01  3.15373242e-01 -3.06225628e-01
  -3.03696960e-01  1.27537251e+00  8.06795895e-01 -1.63047686e-01
   2.95344859e-01]
 [ 1.89270258e+00  1.24139346e-01  4.48821366e-01 -1.24601698e+00
  -1.81275249e+00  2.10473225e-01  3.57157551e-02 -1.51302123e+00
   6.16701007e-01  2.96613336e-01  1.97380149e+00  8.15916538e-01
  -2.32708618e-01 -6.69535816e-01 -1.98368475e-01 -5.86363614e-01
  -2.37215829e+00 -2.83640116e-01  2.25804424e+00  2.08765936e+00
  -4.49468255e-01]
 [-2.65043736e-01 -6.43338084e-01 -1.13536835e+00  5.04147947e-01
  -2.33664379e-01  6.61449492e-01 -1.46145594e+00 -1.08395469e+00
  -7.09711254e-01 -1.58257377e+00  7.73346961e-01 -1.06573486e+00
  -5.61233521e-01 -1.47250962e+00 -1.09880948e+00 -3.10276866e+00
  -7.86419809e-01 -2.94845223e-01  1.33368111e+00 -9.52943146e-01
  -5.70832416e-02]
 [-6.01863921e-01 -1.58407485e+00  9.13496673e-01 -6.28530800e-01
   3.36330473e-01 -2.91018903e-01  7.09761322e-01 -7.31768787e-01
   7.09944248e-01  1.39926636e+00 -1.68317020e+00  2.07667351e-01
  -2.50836968e-01 -6.50064230e-01  1.69927251e+00 -8.48683476e-01
   3.13812077e-01  1.48343396e+00 -3.99621457e-01  1.30773690e-02
   3.39125961e-01]
 [-7.46430516e-01 -9.14238036e-01  1.53356135e+00  1.31599855e+00
  -1.21975720e+00  3.68879974e-01 -4.24915969e-01  4.13821876e-01
  -1.60188961e+00 -1.83930144e-01 -8.96269500e-01 -9.90810394e-01
  -7.49661565e-01 -1.19313669e+00  1.56626308e+00 -1.35943198e+00
  -5.37900686e-01 -4.29858685e-01  6.08260510e-03 -8.43571067e-01
   8.68284583e-01]
 [-2.17817569e+00 -3.44610155e-01 -7.73142695e-01  2.01229215e-01
  -1.08590877e+00 -7.10463524e-01 -5.73956549e-01 -1.27676263e-01
  -7.92292058e-01  2.27474976e+00 -9.53686953e-01  7.51162827e-01
   6.13495350e-01  1.17803490e+00  2.75635570e-02  1.24876988e+00
   1.77119935e+00 -3.75148952e-01  1.14133453e+00  1.30128860e+00
   5.21978199e-01]
 [-3.94363366e-02  2.02095270e+00 -5.00462890e-01  2.55232394e-01
   2.14482754e-01  1.86539233e-01 -1.83876562e+00  1.16957915e+00
  -1.28580964e+00 -2.56303966e-01  7.51798928e-01 -5.11440575e-01
   1.72989714e+00  2.75237471e-01 -7.87319303e-01  6.00290477e-01
  -2.36128211e+00 -9.38834250e-01 -2.14057550e-01 -1.71788052e-01
  -1.09883106e+00]
 [ 4.08257633e-01  2.38829112e+00  6.93316281e-01 -3.39217186e-01
  -2.29578972e+00 -1.20779276e+00 -1.44256902e+00 -7.55975246e-01
  -5.87760806e-02  3.30558955e-03  4.29290861e-01 -3.05748880e-01
   3.83496225e-01  7.71471038e-02  2.44424775e-01 -2.72478580e-01
  -3.17687213e-01  4.03354049e-01 -2.87391812e-01  4.91566330e-01
  -1.83818841e+00]
 [-3.74850631e-01  4.12048489e-01 -8.94347429e-01 -2.37569809e-01
  -3.04963320e-01  2.69084692e-01 -2.16505003e+00  1.23873487e-01
   1.06541431e+00 -4.73608524e-01 -8.89602661e-01 -1.21973760e-01
   5.23479581e-01  1.84518442e-01 -8.37801993e-01 -2.27829278e-01
  -3.91745329e-01  1.69870329e+00 -4.11342001e+00  1.63943696e+00
  -7.18570426e-02]
 [ 9.36757803e-01  6.74176574e-01  8.91474366e-01  6.25314236e-01
   1.67127514e+00  2.53215909e-01 -1.99486816e+00  1.98093101e-01
  -6.27119780e-01  1.94566231e-02 -1.27728677e+00 -1.18338180e+00
  -3.66752334e-02  3.65622640e-02  6.39674306e-01  1.52767730e+00
  -1.50537694e+00 -1.74456611e-01 -3.79862607e-01  1.66769922e+00
   9.37210262e-01]
 [ 7.55256787e-02  7.38551915e-01  1.64777100e-01  1.93004027e-01
  -3.63565594e-01  2.72320390e-01 -1.19057608e+00 -7.52261460e-01
   6.96382225e-01 -2.65665710e-01  1.40906119e+00 -7.79175997e-01
  -4.29217219e-01 -1.13918233e+00  1.18995893e+00  1.41634360e-01
  -2.72519976e-01  9.75352764e-01  9.62479264e-02 -1.04967940e+00
  -1.09444611e-01]
 [ 1.58266234e+00  2.58964002e-01  9.79247868e-01 -1.29741871e+00
   6.82171881e-01 -3.74487662e+00 -6.92387164e-01 -2.35213494e+00
   9.98170793e-01  1.23817921e+00  2.50683856e+00 -5.45937777e-01
  -2.22021475e-01 -2.45351642e-01  1.09685934e+00 -3.20675880e-01
  -4.57852542e-01 -1.95241380e+00 -5.83960891e-01  1.97325683e+00
   9.86174583e-01]
 [-7.41504014e-01  7.34640360e-01 -8.63203928e-02  1.66553295e+00
   5.40412188e-01 -3.46418247e-02 -6.86540067e-01 -3.33097905e-01
   3.42240661e-01  2.19039008e-01  1.81271577e+00 -1.59785819e+00
  -1.07047558e+00 -1.37060630e+00 -4.71518695e-01 -9.39454317e-01
  -2.00902653e+00 -4.52316374e-01  1.30447328e+00 -1.32878375e+00
   1.50797784e-01]
 [ 2.24660015e+00 -3.77371103e-01 -2.25115120e-01  7.47631133e-01
  -3.98772717e-01  6.19700491e-01  1.04699969e-01 -7.44593799e-01
  -1.10007250e+00 -9.07238245e-01 -1.84747195e+00 -9.26891744e-01
   8.93371031e-02 -4.43476081e-01  1.57301033e+00  4.73916978e-01
   6.14898324e-01  5.06693982e-02  1.20607090e+00 -2.77487963e-01
   1.91899121e+00]
 [ 2.17448163e+00  4.99471635e-01  5.44657171e-01 -1.46803284e+00
   2.34483615e-01  3.69764507e-01 -5.90916693e-01  4.45653588e-01
   1.97642779e+00  5.86517334e-01 -1.29675531e+00  7.73770094e-01
   6.00363553e-01 -8.51466894e-01  4.52872872e-01  9.20801938e-01
   1.32068247e-01  6.91709697e-01 -7.77819753e-01  2.62472320e+00
   2.84060419e-01]
 [ 1.17539203e+00  3.46675545e-01 -4.67791647e-01 -5.87110877e-01
  -4.68681693e-01 -1.29288793e+00 -6.46165073e-01 -4.92714345e-02
  -1.07114017e+00  1.94605505e+00 -1.16115129e+00  4.74365801e-01
  -3.86578768e-01  7.91781664e-01  2.93865204e-01  1.49370515e+00
  -1.37961864e+00 -1.34866667e+00 -8.39132845e-01  2.30676341e+00
  -4.57499951e-01]
 [ 7.28744686e-01 -6.04796968e-02  7.24372625e-01  1.25269055e+00
   1.67088971e-01  8.48500431e-01 -1.40757155e+00  7.53969491e-01
  -3.30685556e-01  4.69436407e-01  7.47738779e-01  3.58868361e-01
   4.79178727e-01  2.16335163e-01 -1.50578749e+00  9.12989557e-01
  -1.02252491e-01  5.32200336e-01  5.57762623e-01  1.54155254e+00
  -1.39594138e+00]
 [ 6.16761029e-01 -4.32657629e-01  8.65036607e-01  8.11359435e-02
   1.75795496e-01 -7.67805636e-01 -2.01195407e+00 -3.41966748e-01
  -9.56477940e-01  7.91308522e-01  4.66251895e-02  3.97281870e-02
   3.26318771e-01 -6.14516497e-01  4.70277846e-01 -9.59570885e-01
   1.33394450e-01  2.95399249e-01 -4.10572886e-01  9.44047153e-01
   9.81132269e-01]
 [ 3.81417990e-01 -4.60125834e-01 -8.76065910e-01  5.68312109e-01
  -5.99449575e-01  8.68033409e-01 -5.61250567e-01 -1.72267258e-01
   4.39614356e-01 -3.70852757e+00 -3.49695396e+00 -8.02688003e-01
  -4.68728006e-01 -1.58392102e-01  6.75242424e-01  2.66629755e-01
   9.24026847e-01 -5.45772552e-01  1.68371749e+00 -1.29730201e+00
   8.62955093e-01]
 [ 8.38871777e-01 -7.39451647e-01 -5.65664954e-02  3.50372314e-01
   1.72702169e+00 -1.59173012e-01  8.91906440e-01  5.99529184e-02
  -1.91149667e-01 -5.85500486e-02  7.40295529e-01  2.55550075e+00
   3.22565794e-01  8.34642112e-01  8.84056747e-01  1.65500927e+00
   1.56215563e-01 -1.73740244e+00 -1.12479734e+00  3.05747747e-01
  -8.23022068e-01]
 [ 2.29237795e+00  1.75885499e+00 -4.27839756e-01  6.10546827e-01
  -6.49417281e-01 -1.50813371e-01 -2.66868055e-01 -5.55528343e-01
   1.46503210e+00  7.99327135e-01  1.09156859e+00  9.67306614e-01
   4.64694679e-01  1.12135804e+00  1.21810424e+00  5.19922018e-01
   2.92641521e-01  4.80953872e-01  7.43458390e-01  4.59207386e-01
   2.00417861e-01]
 [-6.92932487e-01  4.57376122e-01 -2.52016932e-01 -8.31068873e-01
   3.41704100e-01 -3.74585807e-01  6.23962998e-01  1.97008872e+00
  -5.19322038e-01 -2.74677455e-01 -6.92797482e-01  4.46483672e-01
   3.97129446e-01 -7.72338271e-01 -2.47255370e-01  5.83374202e-01
   8.11062098e-01 -1.24854600e+00 -4.01741743e-01  4.21047777e-01
  -4.77880061e-01]
 [-1.35105658e+00  5.81289649e-01  1.66714966e+00 -3.39138508e-01
   5.86507618e-01  7.44046390e-01 -1.03719091e+00 -7.64012039e-02
  -1.36710584e-01 -4.13466394e-01  1.37395310e+00  3.01351845e-02
   3.69664207e-02  1.45350409e+00 -7.04468548e-01 -1.20177507e+00
  -4.92583662e-01  6.80635691e-01 -1.08489370e+00  3.17185044e-01
  -1.40492260e+00]
 [ 1.29602516e+00  1.56661451e+00  1.22684443e+00  3.46368492e-01
   8.52729619e-01  2.04107118e+00  3.83595191e-02  4.69422825e-02
  -1.18090904e+00  5.52725315e-01  1.79612899e+00 -4.88712281e-01
   1.28013504e+00 -3.65699410e-01  2.26011038e-01  1.41316700e+00
   1.32720220e+00 -2.96226025e-01 -6.08306110e-01 -2.61315078e-01
  -1.62291035e-01]
 [ 9.29105580e-01  6.48501337e-01  1.16723411e-01 -1.41628608e-01
   9.95882273e-01  4.16030973e-01  4.90625650e-01 -4.92810249e-01
  -8.82324755e-01 -4.14590657e-01 -1.11193836e+00 -2.67743993e+00
  -1.35647571e+00  9.49298263e-01 -1.63858187e+00 -1.28685319e+00
  -4.71663415e-01 -4.99954224e-01 -1.47332847e-01 -1.25563729e+00
  -1.20351410e+00]
 [ 9.94029105e-01  7.64804006e-01 -1.26200211e+00  3.55637997e-01
   1.00045085e+00  7.31763244e-01  4.49620664e-01 -7.14501068e-02
  -1.30591691e+00  4.19204265e-01  2.85336912e-01 -1.16084373e+00
  -9.99401629e-01  9.41782221e-02 -1.97259116e+00  6.73398197e-01
  -6.79513067e-02 -7.76811302e-01 -1.01328611e-01 -3.58561367e-01
   1.50453240e-01]
 [-1.22441721e+00 -1.84993792e+00 -5.41289628e-01  2.30149701e-01
   1.11012089e+00  3.95696074e-01  8.40003967e-01  4.90574956e-01
  -7.15101182e-01  4.80974838e-02 -5.97737312e-01 -1.41899258e-01
   3.85324895e-01 -1.89846396e-01  6.82828650e-02  9.13799882e-01
   5.48784912e-01 -3.81717645e-03 -3.90499711e-01  1.19745004e+00
   4.19138134e-01]
 [ 1.35074461e+00  4.00400758e-02  1.63281524e+00  1.48863986e-01
   9.28467214e-01  7.72089839e-01 -1.01571631e+00  6.95211768e-01
   4.30002600e-01 -2.84120291e-01  5.32178044e-01 -8.45735312e-01
  -1.04394831e-01 -6.92956448e-01 -4.44422662e-01 -1.36113930e+00
   1.60722637e+00  5.10122776e-01  7.07796037e-01 -1.03990281e+00
   1.53878117e+00]
 [-4.81606156e-01 -5.62095821e-01 -1.79577827e+00 -1.14326611e-01
   1.76054373e-01  7.32088864e-01  4.05213498e-02  3.50341290e-01
  -8.04814100e-01  8.19599450e-01  2.12322807e+00 -2.31217647e+00
  -4.00496610e-02 -5.18713057e-01  9.92437601e-02 -6.95117474e-01
  -1.21573377e+00  4.82375294e-01  8.16034853e-01 -2.68134308e+00
  -1.23583400e+00]
 [-7.97368288e-01  2.22555444e-01 -2.06306911e+00 -3.64411682e-01
  -6.97868317e-02  3.76287475e-02 -9.44845617e-01 -1.00499511e-01
  -5.80563545e-01  1.30084217e+00 -6.06459379e-01 -1.87089336e+00
   6.71437569e-03 -8.29399705e-01  6.90688670e-01 -6.75468087e-01
  -1.29180396e+00 -7.25415826e-01 -3.57990026e-01 -1.21599066e+00
  -5.43357313e-01]
 [ 5.05890608e-01  2.17905927e+00  7.28371739e-01  1.49618657e-02
   8.60875964e-01  4.23777819e-01 -2.80522799e+00  1.56809533e+00
  -1.51205584e-01 -8.60589266e-01  2.35597849e+00 -2.36517578e-01
   2.60214090e-01  1.45663428e+00 -2.84454823e-01 -2.61911392e-01
  -1.21424890e+00 -7.36769319e-01  9.23177898e-01 -4.13146019e-01
  -3.10052991e-01]
 [-1.62471429e-01  5.15015781e-01  1.23185408e+00 -3.39850992e-01
   5.77506483e-01 -6.19900599e-02 -5.86678386e-01  1.53973043e+00
   4.09123778e-01  1.07214570e+00  7.86475241e-01 -3.47913623e-01
  -1.09859765e+00  1.62621176e+00  9.19360876e-01  1.39784074e+00
  -8.27902913e-01  1.15604304e-01 -2.10234076e-01  1.05443858e-01
  -3.74497503e-01]
 [ 1.25563711e-01  8.67488086e-01 -1.21630883e+00 -2.56360292e-01
  -2.19920967e-02  9.64763701e-01 -1.34225398e-01 -2.92655975e-02
   3.06872189e-01  2.88255024e+00  1.02477396e+00 -1.07906735e+00
  -1.39229584e+00  6.66475356e-01  8.65568936e-01  8.03339362e-01
   2.30698064e-01 -1.47871447e+00  2.20878385e-02 -5.95000029e-01
  -1.43163657e+00]
 [ 4.26229656e-01  5.97048044e-01 -8.88798386e-02  1.80279720e+00
   2.54559755e-01 -2.21370310e-01  1.53253123e-01 -5.34781635e-01
  -1.03172517e+00 -1.27030587e+00 -9.31993052e-02 -4.23041075e-01
  -7.86991537e-01 -5.40398955e-01 -8.87846231e-01 -1.29968679e+00
  -5.50667167e-01  9.45432007e-01  4.10269082e-01 -4.96495306e-01
  -6.36367440e-01]
 [ 5.71892440e-01  4.12954897e-01  3.83444250e-01 -6.03900671e-01
  -1.58508778e+00  8.04542899e-01  5.00889122e-01 -2.98276722e-01
   9.07722056e-01 -1.01622891e+00  4.41949293e-02  6.97827190e-02
   6.78328499e-02 -5.82656980e-01 -2.85341412e-01  7.78316259e-01
  -4.20165151e-01  2.91766763e-01 -7.99341500e-01  9.34188545e-01
   6.78796291e-01]
 [-2.15422362e-01  5.54439306e-01 -1.49359286e+00 -1.43526182e-01
  -8.38950574e-02  9.34224367e-01  1.23417068e+00  2.74696290e-01
   3.28861862e-01 -5.80692232e-01 -5.77143013e-01 -8.58360171e-01
  -7.65090168e-01 -5.44530712e-02 -1.03650093e+00 -9.85797793e-02
  -5.08614853e-02 -3.81727040e-01 -7.87852347e-01  3.80150974e-01
   1.27241540e+00]
 [ 4.52249557e-01  1.69013321e+00 -3.64759982e-01  1.16859865e+00
  -3.39698255e-01  2.98960239e-01  1.57077301e+00 -4.28660810e-01
   1.90292001e+00  2.00607479e-01 -8.88429284e-01 -9.12458837e-01
   1.01292038e+00 -2.22327933e-01 -9.96705532e-01 -1.45191073e+00
  -5.96916378e-01  1.26580381e+00 -6.85337424e-01 -7.15379059e-01
  -1.65383697e+00]]
[[ 0.79481786  0.27506363  0.5599385 ]
 [-1.3172623  -0.5722609  -1.1958591 ]
 [ 1.8744739  -1.4950974   0.8640747 ]
 [ 1.4216095   0.5418716  -0.18565561]
 [-1.2826126   0.7786159  -0.14546809]
 [ 0.3944353   0.5938802  -2.031684  ]
 [ 1.0621413  -1.0336238  -0.3244114 ]
 [-0.80679804 -1.276434   -1.6759083 ]
 [-0.20278683 -0.6496009   0.22777347]
 [-0.9646901  -0.42725796 -0.3312608 ]
 [ 0.46957037 -0.04211915  0.9263836 ]
 [ 1.8821821   1.0255208  -0.22944333]
 [ 1.0101825  -1.4775006   0.49201724]
 [ 0.6318164   0.6766808   2.031417  ]
 [-0.6242137   0.52621126  0.49753144]
 [-0.16409045 -0.9348713  -1.0525191 ]
 [ 0.7415972  -0.2812341   0.54182315]
 [ 0.01888668  1.030477   -0.52485967]
 [-1.2014905   0.38144192  1.0385896 ]
 [-0.48585412  0.13944508  0.22183676]
 [ 0.73704535  0.17292698  0.18771444]]

[ 0.4649838   0.10218239 -0.9249978   1.026586   -0.00978328 -1.8660066
 -1.4352428   1.0838412  -0.22823486  0.5538896   2.1905134   0.5108967
 -0.1730223  -0.43105918 -0.7517403  -0.39249083 -1.6346185  -0.0252126
  1.36025    -0.24343844 -1.8962699 ]
[-1.4256737 -1.494059  -0.2721436]
