[[ 9.09715354e-01  1.05118370e+00 -1.84042409e-01  3.78394455e-01
   1.86813438e+00 -1.90680754e+00 -5.07684171e-01 -1.95074332e+00
  -5.78834653e-01 -4.76614654e-01  8.88589263e-01 -1.61868840e-01
  -5.60287416e-01 -7.01002553e-02 -6.38969913e-02  1.80141532e+00
   8.67699385e-01  2.21419826e-01 -8.02065879e-02  2.85599113e-01
   2.74597317e-01  2.93515968e+00]
 [ 1.49040532e+00  7.15261757e-01  1.02887177e+00  5.01326680e-01
   8.40320647e-01  2.36660886e+00 -1.28908384e+00 -3.74069840e-01
   7.13541627e-01 -2.73585820e+00 -1.08910978e+00 -1.36529267e+00
   3.62137765e-01 -5.87708712e-01  2.75004268e+00  1.24576914e+00
   1.05504537e+00  8.73127401e-01 -1.44323719e+00 -1.71787813e-01
   7.30061978e-02 -1.03284106e-01]
 [-6.94231331e-01  8.91864523e-02 -1.47844151e-01  6.98064506e-01
  -4.19755280e-01  8.40911150e-01 -5.20965397e-01 -1.24612644e-01
   1.83271933e-02 -7.33761549e-01 -6.11796141e-01 -5.63046992e-01
   8.50355268e-01 -2.38205171e+00  1.17594143e-02  1.08326599e-01
   3.93433243e-01 -9.55955446e-01 -2.29802060e+00 -1.67679429e+00
   2.08644295e+00 -1.55521274e+00]
 [ 2.34590769e-01 -2.06170529e-01 -5.21216810e-01  3.60642910e-01
   2.43218496e-01 -1.28572106e+00 -6.80844560e-02  6.23042807e-02
  -3.28477502e-01 -8.02643538e-01  1.23474717e-01  3.47819597e-01
   5.54270625e-01 -1.54056564e-01 -6.10451698e-01 -7.49964833e-01
   1.45219719e+00 -6.78607881e-01 -9.40241039e-01  1.04244399e+00
  -9.88221884e-01  7.98274755e-01]
 [-1.86200246e-01 -7.28659689e-01 -8.54871452e-01 -1.17389715e+00
   1.80487847e+00  1.23095381e+00 -1.03576958e+00 -2.10672766e-01
   7.61625171e-01  3.93936723e-01  2.06556007e-01  6.75220847e-01
  -4.14391980e-02 -1.48289311e+00 -4.94696736e-01  3.71622056e-01
  -1.05979955e+00  6.62643313e-01 -1.20610690e+00 -6.60513341e-01
  -9.00377452e-01 -8.08142900e-01]
 [-4.04898971e-01  1.57792062e-01 -4.80318338e-01 -4.53989595e-01
  -3.22300136e-01 -9.48211789e-01  2.06191555e-01  1.26857787e-01
   6.97757840e-01  8.37836325e-01  4.78572845e-01  1.40777338e+00
   1.09702361e+00  9.18089211e-01  3.18104446e-01  4.95521307e-01
   1.35296345e-01  5.60762048e-01 -6.36991858e-02 -2.50760198e-01
  -1.45197332e+00  7.77281106e-01]
 [ 1.10032737e+00 -1.23407555e+00  1.70884460e-01 -2.27311209e-01
   3.29274267e-01 -1.16934526e+00 -4.20004696e-01 -1.44165552e+00
   1.39889836e+00  4.76415426e-01 -8.45007777e-01 -1.86858535e-01
   1.52520299e-01 -1.94156384e+00 -3.39946687e-01  8.55614007e-01
  -9.19989705e-01  1.20385014e-01 -1.58083951e+00 -2.07777786e+00
  -3.79577041e-01  8.12743843e-01]
 [-5.30163229e-01  1.79167211e+00  2.89630353e-01  1.53186888e-01
  -9.02848303e-01  7.34718263e-01 -5.32989264e-01  2.36544132e-01
  -7.21891373e-02  8.95801365e-01  1.30106699e+00 -9.84760106e-01
   6.98681712e-01  1.02162862e+00 -1.29915345e+00 -7.95604050e-01
   5.77204823e-01  8.19105685e-01 -8.43768641e-02  4.58547115e-01
  -1.14574432e+00 -6.11309350e-01]
 [ 2.76837438e-01 -1.10165226e+00 -4.17918473e-01  5.37459612e-01
  -5.60737371e-01  3.28867584e-01 -1.23683155e+00  4.02324617e-01
   3.95291448e-01  1.70486856e+00 -8.02470803e-01  9.88008022e-01
  -1.00165153e+00 -6.24156773e-01  4.32642251e-01 -5.68658948e-01
   1.33858573e+00 -1.05062807e+00  1.22674000e+00  1.88055202e-01
  -1.20541787e+00  2.29439344e-02]
 [-4.94442225e-01  1.06839955e+00  9.59117711e-01  5.81156872e-02
  -1.01902507e-01 -7.93390453e-01 -4.18405086e-02  1.67412388e+00
   1.45103490e+00 -7.18959212e-01 -1.63936353e+00 -1.26948416e+00
  -5.23900509e-01  1.01515961e+00 -8.02195668e-02 -8.79629374e-01
   1.10272121e+00  2.60746688e-01 -6.23133123e-01 -6.20598078e-01
  -9.54258621e-01  1.54017115e+00]
 [-2.42968798e-01  1.08901095e+00 -6.55062556e-01 -3.25365573e-01
  -1.03125465e+00  1.12862957e+00  6.54995143e-01 -1.07045221e+00
  -5.26138127e-01 -1.32298863e+00  1.00845742e+00 -6.32357717e-01
   8.22593689e-01  1.91069591e+00  8.72858148e-03 -1.49384081e+00
   4.53888386e-01 -2.79457062e-01  2.06943899e-01  7.53404498e-01
  -1.43914747e+00 -6.55254781e-01]
 [ 8.50055635e-01  7.58900821e-01  6.84342980e-02  3.14758718e-01
   2.81710327e-01  1.84644744e-01  7.48556256e-01 -5.68852484e-01
  -2.39416435e-01  6.02249384e-01 -1.51003373e+00 -1.82481781e-01
   8.63010287e-01 -1.30290657e-01  4.11898285e-01  4.17461619e-02
   7.41656780e-01  4.68290687e-01  1.24235839e-01 -8.60328674e-01
  -2.75402641e+00 -2.37956345e-01]
 [ 9.47834730e-01 -3.17784190e-01 -1.19316131e-01  1.10296965e+00
   4.30262595e-01  1.11150253e+00 -1.93034434e+00  2.79931158e-01
  -7.34122097e-01  3.29190224e-01 -3.36775064e-01  2.06688046e+00
  -2.25612044e+00  2.01472491e-01  3.96560758e-01 -1.04319608e+00
  -1.96106470e+00  3.79055828e-01  5.04898250e-01  6.18148506e-01
  -1.37593627e-01  1.06845641e+00]
 [ 8.64848644e-02  1.33974636e+00 -5.01613915e-02 -1.83599401e+00
   2.72218204e+00  2.87771487e+00  5.00783101e-02 -6.99095309e-01
  -1.00301027e+00 -6.16870403e-01  6.43427193e-01 -7.12624788e-01
   7.12455658e-04 -2.20397162e+00  1.56548822e+00  2.06036687e+00
   6.93174422e-01 -6.87064111e-01 -9.42860961e-01 -6.48747161e-02
   1.85562968e+00  2.74221361e-01]
 [-4.21501577e-01 -2.81771588e+00 -6.59637749e-01  7.43962467e-01
  -2.70612925e-01 -1.44749612e-01 -8.74003768e-01 -1.88026000e-02
   8.73192370e-01  4.41527337e-01 -1.29792345e+00 -1.56575665e-01
  -3.06226820e-01  1.07481444e+00  7.74047256e-01  7.62048960e-01
  -5.93901515e-01  5.16006708e-01  1.14484322e+00  6.26546025e-01
   4.90066081e-01 -1.41874802e+00]
 [-3.50453824e-01  1.75286496e+00  2.03537226e-01 -4.08140451e-01
  -1.50813967e-01  1.02226269e+00 -6.43195570e-01  1.66448903e+00
  -1.35511231e+00 -2.18358949e-01  1.63305271e+00  3.80940676e-01
   1.92477560e+00 -2.33054131e-01  1.60336196e+00  2.01975131e+00
   4.08968449e-01  2.44291052e-01  4.23124790e-01  1.33693242e+00
   2.09612274e+00  3.04862469e-01]
 [-2.00418401e+00  6.45032883e-01  8.82264134e-03  6.75839663e-01
   4.83182847e-01 -2.99180686e-01 -2.59923249e-01 -1.40407360e+00
   7.70631731e-01  5.57559967e-01 -1.53620899e+00 -1.03391099e+00
   1.51624393e+00  9.66984451e-01  6.76329017e-01  6.34805206e-03
  -9.84939814e-01  9.76786673e-01 -1.19127560e+00 -4.18001443e-01
  -8.73808920e-01  1.42099833e+00]
 [ 2.42329583e-01  7.63256013e-01 -1.38358921e-01  1.27418530e+00
   1.28494251e+00  4.96153645e-02  7.51065254e-01 -4.91650552e-01
   7.28595734e-01  1.12903261e+00 -1.00029504e+00 -1.88645214e-01
  -7.83663929e-01  2.63932437e-01  4.87816095e-01 -1.21340072e+00
  -1.75520778e+00  6.95401073e-01 -1.39935684e+00  9.74213958e-01
  -1.78691030e+00 -1.06050193e+00]
 [ 1.40949500e+00  9.17499423e-01  2.99694389e-01 -4.36900884e-01
  -1.47188222e+00 -8.90464008e-01 -1.30124605e+00 -3.31076443e-01
   9.52199042e-01  2.38198802e-01 -1.46063817e+00 -4.54721123e-01
  -3.60341549e-01 -8.13106179e-01 -8.27605724e-02  8.10390055e-01
  -7.26461053e-01  1.73821461e+00 -2.64747906e-02 -2.52154207e+00
   8.95829678e-01  2.46639848e-01]
 [ 7.00460672e-02 -1.95093676e-01  1.12696493e+00 -8.96372944e-02
   2.59780642e-02  9.50201273e-01 -7.93526292e-01  3.51361483e-01
   2.29169464e+00  4.63156641e-01 -9.91098821e-01 -1.18368042e+00
  -5.33130884e-01  4.14328612e-02 -1.06655911e-01 -6.67079508e-01
   2.09223032e-01 -5.83741724e-01 -6.41044974e-01  1.72584701e+00
  -1.50001928e-01  1.51632059e+00]
 [-4.13015157e-01 -3.58129889e-01 -1.93334949e+00  9.85055640e-02
   1.38267219e+00 -1.02661765e+00 -1.68416846e+00 -8.55803013e-01
   1.95892408e-01 -4.03815985e-01  1.08286667e+00  7.73570299e-01
   6.92588508e-01 -1.43207812e+00 -3.23773324e-02 -4.50732782e-02
  -9.29829597e-01  2.56895185e-01  5.27798653e-01 -6.26062870e-01
   3.67939949e-01 -1.98773071e-02]
 [-6.26810014e-01  2.25966156e-01  2.91291893e-01  4.18539494e-01
  -1.19515920e+00  1.61407518e+00  1.98115838e+00  1.81780624e+00
   1.43643185e-01 -2.48069987e-01  5.79212129e-01 -6.63468599e-01
   1.08037496e+00 -9.44334626e-01 -2.17213064e-01 -2.20568871e+00
  -4.01104033e-01 -1.32951248e+00  1.60074934e-01 -1.70154050e-01
  -2.63670993e+00 -1.71327308e-01]
 [-1.35502726e-01  7.46456504e-01  1.14236152e+00 -1.99674809e+00
  -1.38545692e+00 -2.43958426e+00 -7.72314295e-02 -5.23062944e-01
  -4.30843502e-01 -1.91592753e-01 -3.44862878e-01  8.34881738e-02
   3.65209013e-01 -1.59910047e+00  1.07247829e+00 -1.28421545e-01
  -3.53570580e-01  2.06691265e+00 -1.55803829e-01  3.09833080e-01
   1.32362396e-01 -1.03170526e+00]
 [-1.25709632e-02 -9.57104623e-01 -1.42424929e+00 -2.44550133e+00
  -1.16781044e+00 -2.90374577e-01 -5.79483986e-01  5.32003045e-01
  -4.37748194e-01  1.49094373e-01 -1.86512637e+00 -3.38082463e-01
   2.87913114e-01  1.18443167e+00  3.71833235e-01  9.50152516e-01
   2.93213189e-01  2.06466049e-01  2.00656223e+00 -3.10747027e-01
  -2.57286215e+00  2.31205821e-02]
 [ 3.32565978e-02 -4.81346250e-01 -2.66406298e-01 -8.53880107e-01
   9.22134876e-01 -6.08879864e-01  1.05228090e+00 -4.88979995e-01
  -1.24224997e+00  1.07661933e-01  2.91934538e+00 -1.37553740e+00
  -4.95206565e-01 -9.22635943e-03 -1.48338675e-01  3.02729994e-01
  -1.83396205e-01  2.97067523e-01 -3.27804908e-02 -1.36703432e+00
   1.67236257e+00 -2.44062901e-01]
 [-4.28290099e-01 -1.38702961e-02  1.97982296e-01 -1.17077303e+00
  -1.67842638e+00 -2.37294078e-01  3.41525197e-01  4.60565120e-01
  -4.07194287e-01 -7.07430067e-03 -1.57728934e+00  7.82342196e-01
   2.11595225e+00  8.83025885e-01 -1.86660253e-02 -3.38251024e-01
   1.36838102e+00  9.97143984e-01 -1.45103350e-01  1.91374743e+00
   5.14073193e-01 -1.23363256e+00]
 [ 5.19358814e-01 -3.36575866e-01  2.46172518e-01  2.26930022e-01
   5.36198199e-01 -1.06524885e-01  1.79756641e+00 -9.72909093e-01
  -3.36634248e-01  2.10535020e-01  5.55163801e-01 -1.50381625e+00
  -1.25462759e+00  7.16277361e-01 -1.04354215e+00  7.82370508e-01
  -8.35548818e-01 -5.01338422e-01  1.59653163e+00  2.22756803e-01
  -1.19405103e+00  8.13758299e-02]
 [ 3.40475887e-02  7.75864303e-01 -4.40949738e-01 -4.84104782e-01
   1.07448769e+00  1.35220098e+00  1.24027061e+00 -6.33087039e-01
   9.89449859e-01  1.55965880e-01 -2.22673088e-01 -1.78811455e+00
   7.59277463e-01  6.44584239e-01 -2.92638123e-01  2.27189943e-01
   5.91323972e-01  8.12868059e-01  1.57676387e+00  1.43108714e+00
  -1.06311715e+00  1.91473752e-01]
 [ 2.61952162e-01 -5.51190913e-01  6.09720528e-01  1.10260808e+00
   8.71408582e-01  1.56866920e+00 -7.52206504e-01 -1.72036338e+00
  -7.25462660e-02 -5.44158667e-02  2.17605233e+00 -1.91844732e-01
   5.91847956e-01 -3.41385245e-01  1.31920648e+00  3.11603874e-01
  -2.39637300e-01 -1.62628615e+00  5.20380914e-01 -1.23721671e+00
   7.57842660e-01 -3.65209542e-02]
 [ 4.67110872e-02  7.78011084e-02  3.30033064e-01  6.87096000e-01
  -6.18812323e-01 -5.86478889e-01 -1.51586938e+00  1.69104803e-03
   6.33865714e-01  1.38382661e+00 -1.40770566e+00 -6.65171623e-01
  -3.26459467e-01  1.23864341e+00  1.31264472e+00 -6.13763690e-01
  -5.93117297e-01 -6.61502361e-01  1.38303649e+00  6.89882273e-03
   2.36607745e-01  1.13052952e+00]
 [-7.66109884e-01  4.51364368e-01 -6.46052063e-01 -1.75522983e-01
   5.68083227e-01  5.34200191e-01 -1.05772436e+00 -3.17948580e-01
  -6.43727541e-01 -9.04686227e-02 -7.05300808e-01 -1.49371874e+00
   2.98162252e-01  7.08206296e-01  1.16477095e-01  2.55929530e-01
  -9.47346449e-01 -1.51364371e-01  7.50356317e-01  1.10580409e+00
   8.24730039e-01 -4.10431176e-02]
 [-6.26508053e-03 -1.42538452e+00  2.28460848e-01 -5.64234436e-01
   6.66875422e-01  3.64774823e-01  6.60602748e-01  1.24311924e+00
   4.08113264e-02 -7.29388952e-01  8.30074549e-02 -8.93918335e-01
  -6.93529621e-02  5.56074083e-01 -8.63000393e-01 -5.70523918e-01
   1.44232774e+00 -7.00947225e-01  2.32853696e-01 -5.69645286e-01
   8.11003685e-01  4.65829790e-01]
 [ 2.48909891e-01  3.83962691e-01  7.66966581e-01 -2.78324246e-01
  -4.47355688e-01  2.10474774e-01  9.15352225e-01  5.93309179e-02
  -1.64098561e-01  4.24207181e-01  5.22816598e-01  8.08610380e-01
  -1.16878057e+00 -5.86122334e-01  1.21140957e+00 -6.86883211e-01
  -4.23080266e-01 -9.09735560e-01 -2.09225476e-01 -2.50579685e-01
   8.89090002e-01  6.36781216e-01]
 [-2.76264340e-01  5.26339173e-01  1.32202715e-01  4.51506257e-01
  -3.46250147e-01 -1.49794567e+00 -1.15529501e+00 -2.55508691e-01
  -7.63033926e-01  1.14438164e+00  4.11380865e-02 -1.57452273e+00
  -1.77390540e+00 -7.76763320e-01  8.88026893e-01  6.14763081e-01
  -1.34597301e+00  5.33119380e-01  2.55813718e-01  6.32862568e-01
  -1.17303312e+00  6.46276057e-01]
 [ 7.86861479e-01  6.08015880e-02  5.78584850e-01  1.57430434e+00
   1.77039251e-01 -1.76506117e-01  1.44562495e+00 -2.82202333e-01
  -1.27514243e+00 -1.13385451e+00  1.03597867e+00 -8.50066245e-01
  -6.34331465e-01 -1.49607503e+00 -8.67450610e-02 -5.69393158e-01
   7.21893609e-01  1.71674825e-02 -1.40126213e-01 -3.11727405e-01
   8.19204807e-01 -3.22823167e-01]
 [ 8.31499577e-01  4.74180765e-02  9.44540858e-01  5.95784724e-01
   1.75672150e+00  1.32205856e+00 -7.91764140e-01  9.93285954e-01
  -1.02010608e+00  5.87686241e-01 -3.03632677e-01 -4.14512277e-01
  -1.34888625e+00 -1.52703956e-01  5.70935071e-01  1.08559620e+00
   5.94730675e-01  7.23268390e-01 -1.50215879e-01 -1.22011125e+00
   6.22568488e-01  2.85367668e-01]
 [ 6.16434179e-02  6.84555233e-01  1.64037251e+00  1.71631321e-01
  -2.43611351e-01  1.24360383e+00 -2.45596468e-01  2.36522079e+00
  -2.32487440e+00 -4.11332667e-01 -4.45427120e-01  1.81808543e+00
  -8.93280268e-01 -7.53034502e-02 -1.00867260e+00 -2.14685297e+00
   5.44985473e-01  4.78390753e-01  1.20653119e-02 -8.93210992e-02
   3.66666126e+00 -4.25106168e-01]
 [ 8.33046019e-01 -1.27306616e+00 -3.19988579e-01 -1.19676185e+00
   4.43639070e-01  3.51056568e-02 -1.35563886e+00  5.79270780e-01
  -1.03179440e-01 -2.00815173e-03  5.00181377e-01  3.51843983e-02
   2.14539647e-01 -1.25354556e-02 -3.62401277e-01  6.74245656e-01
  -5.60762167e-01 -5.86524367e-01  1.82244766e+00 -3.91758084e-01
  -9.28060234e-01  4.46423948e-01]
 [ 2.30145901e-01  1.20248806e+00  9.67959404e-01 -1.10099566e+00
  -1.62582541e+00  1.15837526e+00 -5.64227104e-01  1.58530080e+00
   1.00033474e+00 -1.66503072e+00 -8.55367661e-01 -5.95804513e-01
   6.73293293e-01 -4.08669472e-01 -1.75584400e+00  1.46616447e+00
  -8.59161794e-01  4.92995918e-01  7.97912002e-01 -2.36840025e-01
  -3.15247089e-01 -1.16074014e+00]
 [-3.58953685e-01 -8.98545206e-01  6.20524772e-02 -8.15795898e-01
  -1.33246386e+00  8.39983046e-01  5.18858969e-01  8.71689141e-01
   8.12060773e-01  1.43249750e+00 -1.49468601e+00 -5.81331961e-02
   1.29985833e+00 -1.43025398e-01  2.84342896e-02 -1.83354497e-01
  -2.13000059e+00  4.97420132e-01  6.81074440e-01  8.11807930e-01
  -1.59570944e+00 -6.69382513e-01]]
[[ 3.42397243e-01 -8.08405817e-01  3.37954998e-01  1.83246005e+00]
 [ 1.36716634e-01  6.74879432e-01 -7.37417579e-01 -3.28782737e-01]
 [-7.34276921e-02  8.46501350e-01 -1.98136969e-03 -1.66547239e+00]
 [ 1.52174544e+00 -2.19424415e+00 -3.78607780e-01 -1.62460709e+00]
 [-1.24668932e+00 -1.59161463e-01 -7.86625385e-01 -5.54455161e-01]
 [ 1.04356408e+00 -3.45045067e-02  1.19827785e-01 -2.44422257e-01]
 [ 9.36173737e-01  9.84511137e-01 -1.34558216e-01 -1.66560709e+00]
 [-1.75077021e+00 -1.03929579e+00 -7.28635907e-01  1.70261726e-01]
 [-1.62624395e+00 -6.84624493e-01 -9.79007334e-02  2.03838944e-01]
 [ 1.32562363e+00  9.32210147e-01 -4.28562701e-01  2.58786157e-02]
 [ 6.35444760e-01  6.26671910e-01  6.70287907e-01  3.65262508e-01]
 [ 6.90566659e-01 -5.33124626e-01 -1.87521672e+00 -1.62898123e+00]
 [ 1.71636075e-01  3.61867726e-01 -6.26692355e-01 -7.05593228e-01]
 [ 2.06553340e+00 -6.75057709e-01  4.15139735e-01 -3.83064419e-01]
 [-8.67610335e-01 -2.32443452e-01  2.11956644e+00  2.30887032e+00]
 [ 4.38825369e-01  2.00630292e-01  6.07687354e-01  6.46795511e-01]
 [ 7.50071406e-01  1.15076041e+00 -9.36317801e-01 -3.82031351e-01]
 [-1.29465210e+00 -1.37900460e+00  5.14729917e-01  3.89597267e-02]
 [ 6.80442572e-01 -1.00178011e-01  3.08596492e-01 -1.59469712e+00]
 [ 5.56291282e-01  8.65387440e-01  1.14080891e-01  1.20515323e+00]
 [-8.04796278e-01 -7.20744312e-01 -1.26643384e+00  3.59077841e-01]
 [ 2.16880274e+00  6.96597099e-01 -1.37249166e-02 -1.45645416e+00]]

[-1.727489    2.3534324  -0.32466114 -0.29024148  1.5207754   0.42559552
 -1.4465681   0.20162177  0.94813603  0.92496324  0.5444636  -1.122066
 -0.8282114   0.30363756  0.8182059  -1.1795548  -0.03798165  0.18990716
 -1.2104261  -0.83307016 -1.7676971  -0.1310623 ]
[1.2305483  0.13739635 0.78738606 1.0127554 ]
