[[-6.00853801e-01 -1.54247069e+00  5.43485343e-01 -3.13984990e-01
  -2.92552978e-01  1.26598370e+00  5.54222226e-01 -3.31557727e+00
  -1.08047962e+00 -5.83184719e-01 -7.31300175e-01  6.29402220e-01
  -2.01072478e+00  1.76206803e+00 -4.42839980e-01 -1.50369632e+00
   1.84406772e-01  4.30084825e-01 -1.17283189e+00  1.19045877e+00
   3.51678163e-01  3.35140407e-01]
 [-1.00697346e-01  9.68231261e-01  7.76371300e-01 -1.11843953e-02
  -3.14767861e+00 -2.49182135e-01 -1.22564805e+00 -6.25338614e-01
  -1.09032321e+00  1.83249339e-01  2.16161907e-01  3.06480199e-01
  -6.95357144e-01 -2.67082787e+00  3.15985584e+00 -5.57989299e-01
   6.30403906e-02 -1.62894964e+00  4.55428511e-01  1.15029120e+00
  -1.27384079e+00 -1.00069582e+00]
 [-2.86591649e-01  1.28473314e-02 -1.21234584e+00 -3.42306405e-01
  -2.00099811e-01  5.27680099e-01 -9.53558505e-01  2.58178681e-01
  -2.07306004e+00 -8.91633153e-01 -7.87382126e-01 -2.83362365e+00
   1.75396955e+00 -6.82771921e-01 -1.29893851e+00 -8.23320627e-01
   1.42153859e+00 -5.22792757e-01  1.77339864e+00 -1.06874561e+00
   1.31894667e-02  2.68978238e-01]
 [ 2.28513107e-01  1.57661521e+00  1.00806010e+00 -8.82970214e-01
   1.41206098e+00 -1.70427477e+00  4.46366817e-01 -5.48943281e-01
  -1.88757980e+00  2.87990253e-02  1.47564483e+00  7.65795052e-01
   4.78855163e-01  7.15742528e-01 -3.61237615e-01 -2.88136816e+00
  -6.51948035e-01 -4.93331343e-01 -9.28883791e-01 -9.36377943e-01
  -3.88397962e-01 -4.07139242e-01]
 [ 4.59671110e-01 -2.98616916e-01 -1.45634258e+00 -1.02457106e+00
  -1.43539476e+00  1.04438567e+00 -3.31916362e-01 -1.22466862e+00
   1.25223684e+00 -6.58009529e-01  6.81914747e-01 -2.23555014e-01
  -1.17896378e+00  3.12456395e-02 -2.22034752e-01 -6.46045744e-01
   5.62930405e-02 -1.93170935e-01 -3.97649780e-02 -5.13478518e-01
  -1.09602320e+00 -1.89257586e+00]
 [-2.25803822e-01 -7.62063682e-01  1.51723099e+00  2.65946180e-01
   4.35185850e-01 -4.90694106e-01 -1.16310857e-01 -2.73140311e-01
  -2.36045450e-01 -8.33910555e-02  5.61883152e-01 -2.83611536e-01
  -1.56608105e+00 -3.19807202e-01 -4.17250574e-01 -1.57177553e-01
   6.33133352e-01 -1.27177089e-01 -5.99073708e-01 -1.84542787e+00
   4.63504642e-01  1.08062613e+00]
 [-5.34692645e-01 -1.27392516e-01 -1.84220433e+00 -1.05766904e+00
  -5.50316758e-02 -9.36995804e-01  1.04185426e+00  4.69201386e-01
  -1.81257319e+00  7.66568840e-01  9.04133201e-01 -8.69764626e-01
  -1.83057427e-01  5.92341781e-01 -1.02079965e-01  6.57886922e-01
  -9.70381737e-01 -4.91583616e-01 -2.50340313e-01 -1.42997324e+00
   2.47466505e-01 -1.02169168e+00]
 [ 5.88252306e-01  9.41959500e-01  1.24588537e+00  2.07799405e-01
  -6.35263920e-02 -7.05875099e-01 -4.64416385e-01  5.25626779e-01
   1.34475267e+00  4.30519342e-01 -4.83574331e-01  2.86478102e-01
  -1.14178336e+00 -4.28881407e-01 -1.31000245e+00 -2.48563051e+00
   9.97790277e-01 -9.27561447e-02 -1.06420302e+00  1.83871582e-01
   1.02808452e+00  1.84303272e+00]
 [ 2.55545229e-01 -1.06617689e+00  8.82323503e-01 -2.05049530e-01
   5.03302991e-01 -2.95650959e-01 -3.01496357e-01 -1.47306800e+00
   2.64500707e-01 -8.66215408e-01  9.58495498e-01  7.18634307e-01
   8.56064439e-01 -2.45717630e-01  6.63665771e-01  4.12010878e-01
  -5.36713898e-01 -3.60616855e-02 -7.20461011e-01 -1.18072820e+00
   2.03306818e+00  8.47872615e-01]
 [-6.62566900e-01 -2.28597045e+00 -1.64709675e+00  3.87958348e-01
  -7.49453545e-01  1.84234369e+00  3.41799438e-01 -1.42002213e+00
   5.77508688e-01  1.36450142e-01 -4.67100203e-01  5.10197401e-01
  -2.10675740e+00  5.35632491e-01  3.97851110e-01 -1.88660979e+00
  -1.50904644e+00 -1.35135579e+00 -5.38063407e-01 -1.76969051e+00
  -1.19027042e+00 -2.47204706e-01]
 [-2.10588217e-01  6.29955173e-01  3.38416815e-01 -4.07348186e-01
  -1.05171628e-01  8.94718647e-01 -1.67507485e-01  9.69523042e-02
  -2.02601865e-01 -4.37980801e-01 -2.09596157e+00 -2.36326504e+00
   3.67788315e-01 -1.01117957e+00  1.10424459e+00  5.58163881e-01
   1.09997857e+00 -6.32695675e-01 -4.76285011e-01 -1.31689453e+00
   1.18601635e-01 -1.34639619e-02]
 [-7.63748884e-01  6.01442438e-03 -5.93174249e-02 -7.33046949e-01
  -1.43314970e+00  1.05902898e+00  1.12812257e+00  1.26494002e+00
  -1.74764562e-02 -6.44930056e-04 -1.33632350e+00 -2.13230133e+00
   8.09105873e-01  5.21877050e-01 -1.48349881e+00 -8.58175099e-01
   2.22654015e-01  1.49087176e-01  6.75665066e-02 -1.23243868e+00
  -7.80545652e-01 -2.08672976e+00]
 [ 2.87945773e-02 -1.31889629e+00 -4.38110977e-01 -4.35320921e-02
  -2.32031345e+00 -5.59363365e-01  1.34337234e+00 -3.85716408e-01
   2.85661697e-01  1.65191561e-01  1.52904284e+00 -1.38149428e+00
   1.61085933e-01  5.62918484e-02 -1.49616241e-01  2.32148290e-01
  -9.38268125e-01 -1.16795925e-02 -7.42761374e-01  4.71435487e-01
  -1.21582901e+00 -5.78156948e-01]
 [ 1.03756440e+00 -1.91915020e-01 -2.87738830e-01  4.48722929e-01
   9.33235168e-01 -5.12828946e-01  1.41368315e-01 -1.03035355e+00
   8.14383328e-01  4.99845475e-01  1.19047928e+00  9.94776368e-01
   2.37898324e-02  7.42133141e-01  4.57879186e-01 -2.53275156e-01
   5.21201193e-01 -3.73854041e-01  7.58020818e-01 -1.38872350e-02
  -1.04589403e+00 -1.27717817e+00]
 [-3.43405217e-01 -1.54472813e-01  3.90021622e-01 -2.04863238e+00
  -2.74664831e+00  4.05681044e-01 -1.83174893e-01  1.53242493e+00
   1.13187671e-01 -1.60419926e-01 -1.57017753e-01  1.95356703e+00
  -2.57418942e+00 -8.44487548e-01  2.69673753e+00 -2.56125116e+00
  -3.85247618e-01  2.37950516e+00 -1.49811003e-02 -9.12657261e-01
  -7.36906901e-02 -4.22324985e-01]
 [ 6.21044755e-01  2.44717860e+00 -1.38331616e+00  1.55439258e-01
  -1.02105653e+00 -8.14283013e-01  4.03284848e-01 -1.77753612e-01
  -6.91814840e-01 -2.83230215e-01  2.58371800e-01  7.56227970e-01
  -4.91052389e-01  6.38382375e-01  9.99700546e-01 -1.12591282e-01
  -9.19938982e-01 -1.12589741e+00 -7.98520982e-01  1.46756458e+00
  -7.87517905e-01  1.65308821e+00]
 [-2.28380397e-01 -6.55044913e-02 -2.91225672e+00 -2.60897636e-01
   9.30090666e-01 -1.59511757e+00  3.41949552e-01 -1.14192918e-01
   1.55097127e+00 -9.90901589e-02  2.75680113e+00  1.56808764e-01
   8.92174780e-01  9.89479363e-01 -1.77929223e+00 -1.08743751e+00
   1.08597040e-01 -1.88057172e+00  1.65854359e+00 -5.41139364e-01
  -2.18639728e-02 -4.88370478e-01]
 [-8.79841298e-02  1.32610083e+00  3.65652218e-02 -8.52389872e-01
  -2.86008954e+00  1.03308916e+00  1.61568320e+00 -5.75037539e-01
   1.72222003e-01 -3.04639101e-01  9.51465726e-01  8.96582842e-01
  -1.44548643e+00 -1.21597148e-01 -2.20818758e+00 -5.47231659e-02
   1.26077728e-02  7.71147192e-01  5.56348264e-01  7.35086426e-02
  -8.62573802e-01  1.90730900e-01]
 [ 9.52890456e-01  3.36752087e-01  7.73971230e-02 -2.73189247e-01
   9.44664776e-02 -3.10076386e-01 -3.35329801e-01 -4.60394710e-01
  -9.76890102e-02 -7.32422173e-01  5.48862636e-01 -3.40782292e-02
   2.27769184e+00  7.06904590e-01  2.30949640e+00  4.84596074e-01
  -1.69076756e-01  8.96608949e-01  5.24177356e-03 -1.76636124e+00
  -1.00073349e+00  2.80951679e-01]
 [ 1.00640643e+00 -1.74958026e+00  3.06829840e-01 -4.73677516e-01
   5.56978062e-02  5.51190317e-01  9.75220561e-01 -8.45284045e-01
   9.00867999e-01  2.69258827e-01 -1.58519924e+00 -1.10970557e+00
   5.52500665e-01  4.31355238e-01 -1.61777034e-01 -6.31181836e-01
   3.64020586e-01 -6.41695857e-01  1.93715453e+00 -1.07915986e+00
  -3.27132672e-01 -9.33362663e-01]
 [ 1.45496559e+00 -6.56299055e-01 -1.69535375e+00 -5.53511418e-02
  -7.08911479e-01  8.28245699e-01 -9.44918156e-01  7.74581060e-02
  -2.49078810e-01 -4.52168494e-01 -2.01892152e-01 -6.06952645e-02
  -6.67846262e-01  7.68038690e-01  4.02732939e-01 -1.50905764e+00
  -8.94751370e-01 -1.62581936e-01 -1.70828670e-01  3.69339854e-01
   1.01691198e+00 -1.90481901e+00]
 [ 8.62866044e-01 -1.92067385e-01  2.10316405e-01  5.22389775e-03
  -2.30203128e+00 -3.82017851e-01 -6.52350485e-01  1.01014897e-01
   9.80953157e-01  7.29100183e-02  3.93556207e-01  2.09310189e-01
  -5.71810938e-02  1.02433264e+00 -1.09037602e+00 -8.25234830e-01
  -1.11628854e+00 -1.40220582e+00  9.01482463e-01 -4.20586541e-02
   1.72875285e-01  2.54581928e-01]
 [-9.99809623e-01  2.45544508e-01 -1.89573812e+00  2.95913845e-01
  -2.98311859e-01 -4.49300259e-01 -1.39748025e+00 -1.47952771e+00
   4.70755935e-01 -2.65378088e-01  1.62454829e-01 -1.54905474e+00
   7.14498997e-01  1.98182034e+00  9.80992168e-02 -1.02476783e-01
  -1.46694899e+00  3.13182138e-02  1.00527513e+00 -2.39558148e+00
  -1.58631289e+00  5.05799241e-03]
 [ 1.12625229e+00  8.88715327e-01  7.12978721e-01 -3.15096915e-01
  -1.30878627e-01  1.09482515e+00 -1.01760042e+00 -1.97542727e-01
  -1.17816770e+00 -1.99853793e-01  4.98773724e-01 -1.94088280e+00
  -1.46778882e+00 -1.49677849e+00  2.87201792e-01 -1.07573366e+00
  -3.20036970e-02  3.84063244e-01 -6.43874407e-01 -2.97256917e-01
  -2.41062808e+00 -1.54638112e+00]
 [-9.74471271e-01 -1.57231855e+00  9.21400726e-01 -7.44425595e-01
   1.20646860e-02  1.94322631e-01 -2.98172891e-01 -6.91595674e-01
  -4.46358770e-01 -2.45742702e+00  4.84226644e-01  8.29590380e-01
  -1.11111164e-01  9.41559076e-01  8.53627384e-01 -1.74949491e+00
   5.70238352e-01  2.80439824e-01 -1.31733209e-01  1.07610917e+00
   2.91643858e-01 -5.31958282e-01]
 [ 4.75484133e-01  5.62247336e-01 -8.57946455e-01  1.57102811e+00
  -5.51363170e-01 -5.97256243e-01 -9.43613946e-01 -7.97682345e-01
   6.96950614e-01 -4.33207333e-01 -6.93945646e-01  1.56930357e-01
   1.25376272e+00 -1.02623034e+00 -8.67851913e-01  1.29770637e-01
   4.73573506e-01 -4.83763963e-01  1.23611756e-01 -6.97864950e-01
  -2.98256874e-01 -2.90512145e-01]
 [ 1.94616035e-01 -8.46440196e-01 -1.09543478e+00  4.67978925e-01
   9.54563797e-01  2.09649491e+00  1.21459615e+00 -2.72253454e-01
   4.08186108e-01 -1.72437334e+00 -9.22224700e-01 -1.19580674e+00
  -7.30679035e-01  1.78548241e+00 -6.49718940e-01 -4.00222242e-01
  -3.87294292e-01 -2.00150236e-01 -4.73794967e-01  9.80224926e-03
  -4.02021945e-01 -6.12193227e-01]
 [-1.13873947e+00 -6.26928568e-01  5.38051248e-01  5.67738414e-01
   1.06470144e+00  8.50576460e-01 -5.46796322e-01 -1.72239572e-01
   2.63562873e-02 -2.76416987e-01 -5.67742325e-02  1.41967690e+00
  -1.65752327e+00  6.69137597e-01  3.99716586e-01  1.01044977e+00
   5.83253145e-01 -5.57655990e-01 -8.30617666e-01 -7.98759043e-01
   1.57744944e+00  9.11837816e-01]
 [-1.34056294e+00 -1.23448275e-01 -8.22728276e-01 -4.95693326e-01
   1.68968689e+00  1.65792838e-01 -8.76596630e-01  1.04881406e+00
  -1.14858940e-01  5.71578026e-01  1.59369648e-01 -2.05750644e-01
   9.04636225e-04  1.21020280e-01  8.28468129e-02  4.48768109e-01
  -1.36312032e+00 -3.73649269e-01 -4.18204874e-01 -4.57851917e-01
   2.36419052e-01 -2.04307935e-03]
 [ 8.53745490e-02 -4.04261857e-01  1.03824174e+00  4.99462858e-02
   1.88931668e+00  5.98519668e-02 -4.61398602e-01 -8.00132811e-01
  -2.17013180e-01  8.80012095e-01  6.83584809e-01  3.42262328e-01
   2.90594053e+00  1.03534532e+00  2.33180746e-01  1.41686404e+00
  -1.36710799e+00 -6.55892432e-01 -5.04172921e-01 -1.11885297e+00
   1.64934635e-01 -2.50822496e+00]
 [-1.35999298e+00  7.00653493e-02  3.15789193e-01 -5.50287783e-01
   1.18434775e+00 -6.33697152e-01  1.20603490e+00 -1.84243762e+00
  -9.74361360e-01 -4.61007863e-01  1.07202876e+00  1.01732230e+00
  -2.71121204e-01  1.19322276e+00  1.63240016e-01  2.17498273e-01
  -1.02168620e+00 -1.27388334e+00 -3.57431859e-01  1.49497402e+00
   5.85016370e-01  5.31517208e-01]
 [-5.07288992e-01  6.20496690e-01  8.80550265e-01  5.57289839e-01
   1.20091450e+00  2.15839133e-01  8.69730175e-01 -4.55546439e-01
   4.83653933e-01 -7.19960511e-01  1.91948622e-01  1.63168192e+00
   9.75416362e-01  7.02858090e-01  5.15815079e-01 -2.20356011e+00
   1.30205905e+00  6.97752893e-01  1.05124235e+00 -1.16355610e+00
  -4.92522985e-01  3.80984157e-01]
 [-6.92620397e-01  2.58916050e-01 -9.68050838e-01  5.69921851e-01
   4.17290419e-01  6.27913475e-01 -8.72660041e-01  7.52842247e-01
  -6.21448159e-01 -8.95233274e-01  2.12854698e-01  1.01725662e+00
   2.88107336e-01  1.64988744e+00  1.36122382e+00 -3.12461853e-01
  -8.98955464e-01  1.93143025e-01  7.57327735e-01  7.97462881e-01
   1.96451235e+00 -2.83077896e-01]
 [ 6.66565418e-01 -2.89378077e-01 -8.33072126e-01  9.10406709e-01
   8.56480062e-01 -1.38337193e-02 -5.11172354e-01  8.62748682e-01
   3.21381718e-01 -4.90559429e-01 -2.72814347e-03  1.05757928e+00
   6.67149961e-01  8.74262571e-01  1.34362233e+00  1.32409048e+00
  -1.48640025e+00  4.58712876e-01  1.37415111e+00  7.36070335e-01
  -2.18647051e+00 -1.07574606e+00]
 [-5.51846884e-02 -1.70546937e+00  6.54150546e-01  4.64360893e-01
   1.40502661e-01  1.31068420e+00  2.36435179e-02  3.29276532e-01
  -5.80649734e-01 -2.73660749e-01 -1.10816002e+00  5.38569033e-01
   2.69763082e-01 -7.82667220e-01  9.33340788e-02 -1.62342536e+00
  -1.34696567e+00  7.87950933e-01 -1.07015896e+00 -8.16474736e-01
  -1.34155309e+00  2.31454790e-01]
 [ 6.05164349e-01  8.08711529e-01 -2.03868937e+00  1.42143166e+00
   6.78236961e-01  3.46105069e-01  8.35749134e-02 -2.51480579e+00
  -7.19699144e-01 -1.00038362e+00 -1.16384220e+00  2.25319102e-01
   2.87086964e-01 -1.18355572e+00  4.89698440e-01 -2.07272124e+00
  -6.28373981e-01 -6.24345779e-01  4.99683112e-01  2.13166571e+00
  -1.45802200e+00 -3.37645262e-01]
 [-1.45304513e+00 -1.40518987e+00 -1.46200740e+00 -1.48137426e+00
  -9.72388208e-01  8.86172771e-01 -1.10548782e+00  6.83396682e-02
  -6.06312990e-01  4.90594447e-01 -2.06043100e+00 -2.73343265e-01
  -1.14896822e+00 -6.06823921e-01 -1.71786857e+00  1.17679097e-01
   8.29538882e-01 -3.81649584e-01  6.79857850e-01  1.32977903e+00
   1.58193946e-01 -4.19039160e-01]
 [-1.71294832e+00 -3.89370561e-01 -1.88936830e+00 -5.46418607e-01
  -1.79849601e+00  2.92087764e-01 -2.40330386e+00  2.32158852e+00
   5.65094352e-01  9.48469639e-01 -8.20708752e-01  9.97179508e-01
  -5.69887936e-01 -1.45507440e-01 -1.79141903e+00  4.28197563e-01
  -7.99268484e-01 -1.38461649e+00 -1.54996526e+00  1.32400024e+00
   7.61088878e-02 -5.55352569e-01]
 [ 1.18886578e+00  5.65908611e-01  4.92090762e-01 -2.55008280e-01
   2.20333338e+00 -2.22046232e+00 -9.68172625e-02 -6.59679770e-01
  -4.52400029e-01  2.74630487e-01  1.11979425e+00  1.15782821e+00
  -5.77028573e-01 -6.61072075e-01 -5.20633042e-01  7.26135850e-01
  -6.92686856e-01 -4.88734543e-01  8.06279600e-01  1.52001357e+00
   3.57548058e-01 -4.43051517e-01]
 [ 2.22766101e-01  8.68502021e-01  6.27551451e-02  1.72390908e-01
  -2.10951298e-01  6.18340552e-01 -1.06119835e+00  1.21875472e-01
  -4.08994913e-01 -9.00031567e-01 -1.15417324e-01  2.33772829e-01
   1.08599532e+00  3.85440499e-01  7.33964026e-01 -4.37953144e-01
   1.39633560e+00  2.52017647e-01  7.61008486e-02  1.09703088e+00
  -7.52281725e-01 -3.03818643e-01]]
[[-0.01983651  0.05281457  0.24069598  1.0899754 ]
 [-1.2387185  -0.14923312  1.0466954  -0.47002596]
 [-0.7548709   0.45400602  1.0717294  -0.7797928 ]
 [ 0.7257827  -0.3124458  -0.9831013   0.8282607 ]
 [ 1.3952984   0.6582728  -0.03287011 -1.3460705 ]
 [-1.7383872  -1.0883778  -0.29074323  1.0405676 ]
 [-1.8231704  -0.2690012  -0.3835626  -0.3762841 ]
 [ 0.7116308   0.8834801  -0.40387353  1.0533315 ]
 [ 0.7289562  -0.310664    0.59458435 -0.86983067]
 [-0.20502363 -0.10017309  0.4881152   1.1275842 ]
 [-2.954704   -2.2710712  -1.4791669   0.07150608]
 [-0.23838574  0.13907479 -0.970386   -1.1659579 ]
 [-2.3281403   0.34323162 -3.9140005   2.2378542 ]
 [ 1.6812056   1.1340505   0.19488098 -0.3782081 ]
 [-0.8585265  -1.2669826   0.64878505  0.12359964]
 [-0.56597066 -0.976427    1.0797895   0.98615927]
 [ 1.1688834  -0.07610568  0.60248995 -0.849353  ]
 [ 1.0130806  -1.400626    1.29571    -1.3540071 ]
 [-1.0720239   0.05419551 -0.66856366 -0.05979859]
 [ 0.03227739 -0.25121036  0.09010014  0.6719489 ]
 [ 0.23340206 -0.09579088  0.03326905  0.8160553 ]
 [ 0.896288   -0.5388273  -0.02430899 -0.12812501]]

[-0.4818767  -1.49992     1.5216565  -0.00595323 -0.5419445   0.56479794
 -0.9909387   0.77502733  1.6480855   1.1124197   1.4243495  -2.605653
 -0.98748976  1.8404275   1.8393233   1.8536661  -0.3872253   1.1140584
  0.87287825 -1.5366147  -0.04748116  0.19623698]
[-1.4342563  -0.09936454  0.72394395 -1.2193145 ]
